
0,[0.9977106534646412, 0.4960024252880405, 0.5061101569647626]
1,[1.0055725102324684, 0.49599007902954056, 0.5060107238857011]
2,[0.9897245473675362, 0.5140014318024833, 0.47938794313208044]
3,[0.9979043880309895, 0.5020000300799614, 0.4936555431328662]
4,[0.9990096606267436, 0.50202343810468, 0.49607281159930416]
5,[1.0051022262816167, 0.49566817031048094, 0.5030493489736274]
6,[1.0041691538667628, 0.4880199324529383, 0.5179318381982847]
7,[0.9992446812611736, 0.5120049713219483, 0.47937145165589307]
8,[1.000585803918476, 0.4940230083030618, 0.5103137400945993]
9,[1.008858692696896, 0.5019693967501726, 0.49162949922562243]
10,[1.011237236869335, 0.49236688216174124, 0.5076621590855672]
11,[0.9975394008948063, 0.4972847483977759, 0.5073962915166612]
12,[1.003200029519059, 0.49399999204917155, 0.5072553508826784]
13,[1.0022689577398383, 0.49465217308623666, 0.5074121378910876]
14,[1.0004807914363434, 0.5000482434635003, 0.4982281572920991]
15,[1.0030130013955834, 0.4960008044817524, 0.5039789102102359]
16,[1.0034911951895666, 0.5033340348342575, 0.49245665583000675]
17,[0.9963261455048172, 0.5000262512199093, 0.4982587824394705]
18,[1.0050639359502804, 0.4999996665337069, 0.5009831413860666]
19,[1.0126036222540582, 0.48199999179379255, 0.5256261333260102]
20,[1.0056611436984877, 0.49799777433866527, 0.5007808094197549]
21,[0.9922617609940796, 0.5020000545066259, 0.4982587449436216]
22,[1.0006647991294508, 0.4864220894574887, 0.5236883981277263]
23,[1.0031536528680431, 0.4939232331474174, 0.5042168745481513]
24,[1.011237824498414, 0.4899955934565063, 0.514242526887599]
25,[1.0064440569996544, 0.4988352996339649, 0.5005431738692497]
26,[0.9979577976415268, 0.5059621946531894, 0.4916508487283414]
27,[1.0011593215339172, 0.5197500578047863, 0.46328595256876864]
28,[1.0076774210047839, 0.49399999892031543, 0.5016608041720138]
29,[1.0013428825156783, 0.5040047804386241, 0.49368088449908004]
30,[1.005698051561068, 0.49800002469642407, 0.5023056767640842]
31,[1.0112319573729474, 0.4840010931638705, 0.5229186902307776]
32,[1.001896180142104, 0.5002610432330095, 0.49826239362140945]
33,[0.9991926247852171, 0.4954821888475737, 0.5088767020679263]
34,[1.0016543406021268, 0.49200000369733216, 0.5142317796668074]
35,[0.9990487274428809, 0.4839999536266843, 0.5252495673479085]
36,[0.993665351801835, 0.48762251131373824, 0.5246372674358794]
37,[0.9951818879169108, 0.5060025737364043, 0.4897700770025075]
38,[1.0118798120756654, 0.4870032128669597, 0.5164994855260355]
39,[1.0003626873224098, 0.490000023969068, 0.5203626116784318]
40,[1.0105101684964917, 0.48100648271318514, 0.5284706405675192]
41,[1.0034340907269739, 0.4885314933086068, 0.5215485889220557]
42,[1.0010675267863873, 0.49782508282556887, 0.5018229133190569]
43,[1.0053335106065286, 0.49549564200840873, 0.5035781241306361]
44,[1.0037164129647485, 0.4820000007953522, 0.5298772632138735]
45,[1.0034662999840553, 0.4979224398348687, 0.4986419509972913]
46,[1.0071856430502844, 0.49207839925611796, 0.5111433928840495]
47,[1.0108038881285486, 0.4969825532936897, 0.5009815151384038]
48,[0.997339207372986, 0.5000502697166964, 0.5024503057053203]
49,[1.0099586261935511, 0.5015065021207682, 0.49442798749256744]
50,[1.006923456210253, 0.48999940033422273, 0.5138877866067894]
51,[0.9953339764706064, 0.5019999940551317, 0.49639468319814684]
52,[0.992428272705556, 0.5043704066528795, 0.49074792345487]
53,[0.9964452184986577, 0.49799998833301445, 0.5007606681801713]
54,[1.0120754014235762, 0.5036799842676608, 0.48786911708027675]
55,[1.0084345265425776, 0.4979924270072511, 0.501054666160442]
56,[1.0011645593116578, 0.4880005567174919, 0.5229195375018982]
57,[1.0001940791728647, 0.5079985340240362, 0.4869758076696625]
58,[1.001898262322181, 0.5050760820951136, 0.49371422825981826]
59,[1.004245733557522, 0.5020053645170501, 0.4933218355145279]
60,[1.0034203350571378, 0.4926277812836285, 0.5127456920809144]
61,[0.9991943435615295, 0.501999985400233, 0.49584065315600684]
62,[0.9989776739264248, 0.49800007518605993, 0.5019619674743069]
63,[1.0038600646113423, 0.49799824712997137, 0.4983585909125971]
64,[1.0050658709021767, 0.48978659356649745, 0.5137850503735268]
65,[0.9968059885184967, 0.510693707172792, 0.4827969702678679]
66,[0.9993556317370713, 0.496001292289238, 0.5108904819681505]
67,[0.9996265840871904, 0.5140021892121232, 0.4766565912907203]
68,[1.0031787513653556, 0.49536850108982494, 0.5058512054387281]
69,[0.9997322079723473, 0.4780019214805863, 0.5382325852142392]
70,[1.0048113074209595, 0.4960145976403072, 0.5086981914354901]
71,[1.007915459317561, 0.4835832674189069, 0.5266605172742006]
72,[0.9995963144891064, 0.5056187632038236, 0.4889834038267635]
73,[1.006674134172052, 0.487997916178314, 0.5152900226147802]
74,[1.0019906286020743, 0.4959999804111954, 0.5000833181844918]
75,[1.0051348742932984, 0.4900001502979458, 0.5166476165156183]
76,[1.0024965112103414, 0.4998768281518618, 0.49722920241943613]
77,[1.0088180039398407, 0.4999999737604298, 0.49312136751653834]
78,[0.9972075527547005, 0.5004281335894585, 0.5017423400736166]
79,[1.006617026946053, 0.4960000019598369, 0.5049404264913512]
80,[0.9959545802386356, 0.497628478187116, 0.5018084181269121]
81,[1.011505773215273, 0.4860023265235907, 0.5182120989550765]
82,[0.9881257211686196, 0.5081873422086147, 0.4903793490840677]
83,[1.0064152211884019, 0.503886100382581, 0.4857524144338392]
84,[1.0043651033573027, 0.4985413652395268, 0.5005672948421962]
85,[1.0044084112195752, 0.48981303818456745, 0.5168084064215459]
86,[0.999973193603715, 0.49000097280615695, 0.515856407055634]
87,[1.004636515708027, 0.49799441793119636, 0.49923276459020305]
88,[1.000985056593098, 0.4960133399676209, 0.5035110426398443]
89,[0.9993890891611769, 0.4972504787076554, 0.5032989693666965]
90,[0.9892169547315219, 0.5160444927424086, 0.4723990664760231]
91,[0.9996572090392609, 0.506002057670659, 0.48840632714101806]
92,[0.998232297422236, 0.5060028322275909, 0.48973877697344237]
93,[0.9996549508972522, 0.4985979550318444, 0.5058087305076772]
94,[1.0107311668257501, 0.4820393153836677, 0.5266037687053072]
95,[1.0036480985812608, 0.4959999987401791, 0.5070551462891386]
96,[1.0008050481180526, 0.5055240296394524, 0.4854233951080761]
97,[1.0016471952778, 0.49600490047631357, 0.50595887582361]
98,[0.9955851430431794, 0.497986124265113, 0.5031686277746964]
99,[1.0004206257261343, 0.5059969164778654, 0.48836663091869553]
100,[0.9965232726426265, 0.4992966270109168, 0.49877302022306685]
101,[1.0088286285182988, 0.4899600950726242, 0.5164790313873071]
102,[1.0040713694649244, 0.49199999005276507, 0.5107679823400003]
103,[0.995483578142582, 0.4998284678301412, 0.499953809523439]
104,[0.9969080810297453, 0.49601630621098053, 0.5094412981832631]
105,[0.9998057255943054, 0.48201814973378154, 0.5291111179396472]
106,[0.9861487147166904, 0.5140006826035557, 0.478839071249489]
107,[0.996616353718626, 0.5076158880008019, 0.48253704764676975]
108,[1.0025045292862167, 0.48266278322708117, 0.5289245689844136]
109,[1.0076803117413937, 0.4908011094365029, 0.5131737148006896]
110,[0.9937262562613158, 0.5000100845850002, 0.4979804950920183]
111,[1.0005533085661882, 0.49600409189384753, 0.5032561720143227]
112,[1.0060888927160914, 0.5000789590626485, 0.49635416703940743]
113,[0.9921904083240107, 0.5199999963530308, 0.46761125257783726]
114,[0.996545395795128, 0.5080043773079458, 0.49112072656929207]
115,[0.9957071346849138, 0.5009866932249603, 0.5044333123290006]
116,[1.002416193208765, 0.4959999897932095, 0.5036843709307238]
117,[1.0084445081247515, 0.4809623992164183, 0.5318757145212593]
118,[0.995958054630273, 0.5033489690478844, 0.4941206435469618]
119,[1.0039024573746078, 0.48907919857088694, 0.5183159298030033]
120,[0.9985816137366227, 0.4880281787383747, 0.5225634494680877]
121,[0.9983150621963782, 0.48600255641007944, 0.5242242450894036]
122,[1.0000549796586153, 0.49623755038342987, 0.5027618563002981]
123,[1.0038935965581042, 0.4920014814533664, 0.5128256555955462]
124,[0.9983884065173759, 0.506000013071372, 0.4881539551956433]
125,[1.0114999345258127, 0.5000096440059411, 0.4964519834854069]
126,[1.0096401179222447, 0.5059985465989398, 0.4812853684808221]
127,[1.012028811723785, 0.49930991558077925, 0.49480839904093343]
128,[1.0123593209302333, 0.5007003032909392, 0.492946891827315]
129,[1.0105707869021174, 0.48999591050464464, 0.5142126055183168]
130,[1.0068602992523878, 0.5087839607610051, 0.48025789742316816]
131,[1.0067156009676363, 0.4887164470948003, 0.5139937549159015]
132,[1.000403149718229, 0.4980000234910591, 0.5026153066907959]
133,[1.0049627409329682, 0.4979950024524222, 0.49940854400019125]
134,[0.9931207401098077, 0.5054685374143043, 0.4896965595448173]
135,[1.011412519686266, 0.49199991774880436, 0.5064312138466708]
136,[1.0103062145143133, 0.4915668161693592, 0.5095720269493941]
137,[1.0021769083175824, 0.4740011494521723, 0.5452497014749873]
138,[1.004859453153967, 0.49799738045724834, 0.5011647611044949]
139,[0.9987364308045408, 0.4999903712193752, 0.5018123835737152]
140,[0.9954799107372727, 0.4979890525385566, 0.4981900203048773]
141,[1.0083468189988278, 0.5013999143811653, 0.49163858332562543]
142,[1.011456897013274, 0.5053349558956486, 0.48302631591728373]
143,[0.9966831368797213, 0.4880000011283147, 0.5253067045897689]
144,[1.0048106362855347, 0.5040793469163082, 0.4873199092519421]
145,[1.0015269368977453, 0.5104793606763879, 0.4829785257067875]
146,[0.9874092240769017, 0.5000005786790656, 0.501179299639262]
147,[1.0108330216401464, 0.4999984093852119, 0.4926491379045605]
148,[1.0047202967878808, 0.5102912345964966, 0.47956209405834177]
149,[1.0009991703014405, 0.5000000436615557, 0.4949717645359981]
150,[1.0040262692051691, 0.4933761782137255, 0.5105913012980581]
151,[1.001659521657396, 0.49996536861767804, 0.4983016275835799]
152,[1.0075812720738857, 0.4939953125318802, 0.5094219407562199]
153,[1.0101988065282896, 0.49199999950295414, 0.5122452179360355]
154,[1.0069820047078406, 0.49489408369219223, 0.5096802849478677]
155,[1.001303588072793, 0.4999999952864124, 0.49731451798477283]
156,[0.9952897638948812, 0.4983027871982928, 0.5041472486848478]
157,[0.996725481609771, 0.4960000111822972, 0.5071409861732438]
158,[1.0005150208401594, 0.5020023707222598, 0.49846790681870456]
159,[0.9983491543822207, 0.49427133268094653, 0.5068563311414145]
160,[1.0017202178910596, 0.49659336291744316, 0.5074740212241295]
161,[1.0033955113028572, 0.5020042265737521, 0.4972704516683714]
162,[1.0026916663450363, 0.495609209580627, 0.5002056839302533]
163,[0.9983535945612952, 0.5059999718253848, 0.4859858691564687]
164,[0.9996906602413961, 0.49628236868881803, 0.506277894640124]
165,[0.9996968707095959, 0.5009886160384119, 0.4961257743599612]
166,[1.0035219797476018, 0.5040109194140602, 0.49035098261154997]
167,[1.0026546106002956, 0.5020000007909634, 0.4953415600120655]
168,[0.9935843201480442, 0.5000033797343759, 0.5022279398568533]
169,[1.0038352709337135, 0.494991402641626, 0.5067750369509277]
170,[1.003304466887882, 0.5100000186837432, 0.4841524247417423]
171,[0.9990401787664636, 0.4960001329922148, 0.5032630617770584]
172,[0.9977888533591097, 0.49400605417152815, 0.5088366310534025]
173,[1.0074839738774959, 0.5020000061906088, 0.49890882145171256]
174,[0.997870129958296, 0.4959999756459949, 0.5086847067565964]
175,[1.002016110683631, 0.49997594620854613, 0.49951742789402226]
176,[0.990365536761977, 0.5044341198757528, 0.5002953790154313]
177,[0.9961628533631963, 0.5000025483027377, 0.498281451529327]
178,[1.0050027425296033, 0.483999231500367, 0.5281181426556375]
179,[0.9954099742977993, 0.5078708195205531, 0.4862735079535405]
180,[1.0106909974811291, 0.49163548365692766, 0.5089641641744784]
181,[0.995558377062856, 0.5020000130245523, 0.5003133462647135]
182,[1.0085045766511966, 0.474003100925074, 0.54215655732206]
183,[1.008753373308908, 0.4918055839174758, 0.5117287718040044]
184,[1.0017660089989286, 0.5004134107084593, 0.4953521266036575]
185,[0.9999767808496421, 0.48716180826724703, 0.5162354827272528]
186,[1.0049828064000503, 0.5060000047110554, 0.489190067623918]
187,[1.005464408483343, 0.49326074237366413, 0.5072968293663804]
188,[1.0034007138929688, 0.49600000735401656, 0.502462566045186]
189,[0.9948802163555474, 0.5025765553239444, 0.4935194415686421]
190,[1.0062787352837717, 0.494903869735742, 0.5071559077461874]
191,[0.9984957956404465, 0.4880023651236769, 0.5213585231606215]
192,[1.0026740785442831, 0.49366785679836006, 0.507783355939605]
193,[1.0018639400495624, 0.5055914119543237, 0.4869987856559699]
194,[1.0036509593120515, 0.506003067850807, 0.4898433554295871]
195,[0.9976473171359979, 0.5055616127754373, 0.4881929307598786]
196,[0.9985573848705539, 0.4979975638900599, 0.5037611415442002]
197,[0.9986806097808247, 0.49947123885575023, 0.5055584965439295]
198,[1.0059439783686688, 0.4971002002394607, 0.506163740662945]
199,[0.994993364412324, 0.496000038606395, 0.506937136532591]
200,[1.0124394274481905, 0.49199739521823305, 0.5106067264741392]
201,[1.0102889753887716, 0.4940060746771933, 0.5089633826829874]
202,[1.010237932026817, 0.48799966261320926, 0.5189116965098327]
203,[1.0029242294161804, 0.5019999778001287, 0.4987358940432325]
204,[1.0040648726097325, 0.5019119722669207, 0.49224739169560006]
205,[0.9981089062310664, 0.49489225744049403, 0.5085690807297899]
206,[1.002953312136465, 0.4960425784952717, 0.5079063696259926]
207,[1.003258408276398, 0.5080008600649591, 0.485478919179079]
208,[0.9982766284991984, 0.4908663264212123, 0.5133090786839629]
209,[1.015211658988501, 0.49200000919190245, 0.5058333626524883]
210,[1.0045855344415036, 0.5002133574973917, 0.4934798182513916]
211,[1.0074819124485797, 0.4994643246288034, 0.5024460845966334]
212,[1.0018993089888986, 0.4780115411784435, 0.5385632358979097]
213,[1.0009283564076534, 0.4995418508025766, 0.5026265029347821]
214,[1.002597225593097, 0.49399756302494546, 0.5090695273625219]
215,[1.0065496839495138, 0.4879980003389597, 0.51523864489637]
216,[0.9973046100239447, 0.5000273402192751, 0.5003358811636857]
217,[1.002492265721264, 0.48000000397245185, 0.53493804412874]
218,[0.9991816591344623, 0.4959997983062333, 0.5044483742806375]
219,[1.0003922504728984, 0.500000010552208, 0.5007724750468082]
220,[1.0060006263045769, 0.4940208218475559, 0.5070105503238835]
221,[1.0040660665268948, 0.479957829827246, 0.5373672444031876]
222,[1.0094866142136865, 0.5004490346778062, 0.49335378679329267]
223,[1.001225339301365, 0.49601511202877396, 0.510675182849277]
224,[1.0070068411254927, 0.4900060943005311, 0.5139713031644783]
225,[1.0132683577667474, 0.473584313782026, 0.5385532641281848]
226,[1.0014118299257828, 0.4866740689445893, 0.5227126344649343]
227,[1.009458951366763, 0.4900024421203882, 0.5152839203343414]
228,[1.0019465834892922, 0.5020195121302851, 0.49211671381663896]
229,[0.9942434830670136, 0.5097725439849754, 0.48406276364606055]
230,[0.9975421907354276, 0.5100026337411171, 0.48228096132406617]
231,[0.9935369831764868, 0.5003750901609975, 0.5004359274929822]
232,[1.004832714873241, 0.49599811904194613, 0.5098750511020397]
233,[1.0049846312248198, 0.48825365852149377, 0.5194012495470179]
234,[1.0033163683848698, 0.49867832931576, 0.49931666839438593]
235,[1.0063159221115316, 0.5099917924846546, 0.4814666049642221]
236,[1.0028977840498354, 0.4880035882326433, 0.5183439991159646]
237,[1.0089189373327334, 0.4919977011403973, 0.5110233586310686]
238,[1.0036793173653673, 0.5019956440780295, 0.48794731189322105]
239,[0.9986319034864752, 0.49418483556807685, 0.5063428814276152]
240,[1.0026096907978108, 0.49999809630520714, 0.4989465417512891]
241,[1.0021265787429774, 0.49601240069457314, 0.5047345113063552]
242,[1.0053461328192153, 0.49759814916098916, 0.4985093406584435]
243,[1.0109885802145955, 0.4940276871590464, 0.5074838069765717]
244,[1.0011067283668889, 0.4979999956425312, 0.5003802959241509]
245,[1.0024860960641426, 0.4940137469683635, 0.5093512646406143]
246,[1.0036526963994157, 0.49000147847644027, 0.5162369166097497]
247,[1.00460644825909, 0.4996189260504896, 0.50181133992195]
248,[1.0020762659280618, 0.49599999764502445, 0.5055822453931329]
249,[1.0000935328537086, 0.49600001418429784, 0.5054348503497464]
250,[0.9963595145123039, 0.4959999739513829, 0.5079578886638592]
251,[1.0023166755989827, 0.49847956764303114, 0.5010998503737958]
252,[0.9990342274740661, 0.5036960605782752, 0.48966652912290265]
253,[1.0040809881067483, 0.49618710520192016, 0.5058144617514216]
254,[1.0036304728150311, 0.5005131706734857, 0.4970364055555094]
255,[1.0030142697937263, 0.4940000017808614, 0.5106467138375862]
256,[1.0000285660215165, 0.5159998634482634, 0.4695947177166459]
257,[0.9992350105248539, 0.49400570417230927, 0.5121612645562754]
258,[0.9994907848716472, 0.5035936013148954, 0.48961829766840514]
259,[1.0027365705111149, 0.49194701293486276, 0.5139056018911562]
260,[0.9983911546878594, 0.5006048906250234, 0.49694166698724107]
261,[0.9998780816771345, 0.5080137019599599, 0.4841207506108262]
262,[1.0029004794841019, 0.4940004220546461, 0.511299838131794]
263,[1.0097342479329496, 0.49243693145056416, 0.5117771784126787]
264,[1.0015715230386484, 0.49920101000342576, 0.5030972810541705]
265,[1.0036768911321476, 0.4995845136051925, 0.4972736772786917]
266,[1.0036893779139617, 0.4840027883342635, 0.5294138644443303]
267,[1.0090354273540454, 0.49466131012630454, 0.5026899137711348]
268,[1.0121551892606437, 0.4919836710597072, 0.5090620310055122]
269,[1.0015361557697897, 0.5063260781810377, 0.4884493401803423]
270,[1.0124151143185598, 0.49399998727679306, 0.5075648103146322]
271,[1.0073075938438043, 0.4840001180407155, 0.5229428222381348]
272,[0.9988532800929107, 0.5076276355177677, 0.48435602234959135]
273,[1.0018385148859295, 0.4960026595713324, 0.50790058275556]
274,[1.0109914254510448, 0.49551123067051245, 0.5062178329439981]
275,[0.9950572179837559, 0.491016834357261, 0.5175800705513445]
276,[1.007404455737552, 0.4920000010872757, 0.5130781340832281]
277,[0.9997940560572542, 0.4889766892772395, 0.5184172335916547]
278,[0.9985031881625741, 0.5047205846292165, 0.493956201583044]
279,[1.0005476584479478, 0.4945366179440689, 0.5063897900987929]
280,[1.0075382852226602, 0.4989228560157368, 0.5020155982703679]
281,[1.0062437539005846, 0.48800000283985007, 0.5176137969094119]
282,[1.0011719318541112, 0.503965143549856, 0.4898126359425351]
283,[0.999127343335651, 0.5000137328976387, 0.501466079913918]
284,[1.0062777316194709, 0.510919242075591, 0.4786590006219831]
285,[0.9984853560196847, 0.502000001151952, 0.4974576824618847]
286,[1.0025791642581994, 0.497999986546046, 0.5025546212509263]
287,[1.0104150466034907, 0.5039999913442988, 0.4914587541013777]
288,[0.9921277068487028, 0.4948475867848989, 0.512754992922846]
289,[1.0134917949940956, 0.47734210064889393, 0.5358039093491179]
290,[0.9957714515423138, 0.4940004087600749, 0.5075677520650719]
291,[0.997322494930327, 0.4960006761930593, 0.5067505628928699]
292,[1.0018931075070803, 0.4960000111491322, 0.5035623371480695]
293,[1.003076479733174, 0.48398243080427567, 0.5268759666484664]
294,[0.9967038070742299, 0.5020000370609159, 0.496091798008286]
295,[0.99471875335421, 0.49352049759905936, 0.512573516240189]
296,[0.9980273681565954, 0.5109202854523811, 0.4807845883263977]
297,[0.9995485616299606, 0.49600019492187486, 0.5045931143729806]
298,[1.0080158337215848, 0.49800000054292726, 0.4989994215092783]
299,[1.005354537336676, 0.48603128275968305, 0.5189410928770579]
300,[1.0143672770061345, 0.4819986096676945, 0.5253331455663803]
301,[1.0074328256321907, 0.4979999803042276, 0.4956141087073348]
302,[0.9964627279002547, 0.4968338530838626, 0.5031819539852022]
303,[1.0067313877847923, 0.4975510936109455, 0.4996221786025584]
304,[1.002123474977835, 0.4847884976739991, 0.5253429197916992]
305,[0.9975214037638414, 0.5008104413841123, 0.4983562448054996]
306,[1.0005239320078467, 0.4959933632960237, 0.5001899425475201]
307,[1.0078282645850434, 0.48997756447108, 0.5103112996192938]
308,[0.9997881600236259, 0.5060000155414119, 0.49005981728837944]
309,[1.0080400419947322, 0.47999917205664233, 0.5280176670931106]
310,[1.019871096098103, 0.48966391661174746, 0.5146488889827647]
311,[0.9995324439094075, 0.4900014945182313, 0.5169238964142211]
312,[0.9868514261888216, 0.5176940816724425, 0.4732219211441372]
313,[1.0026436213982763, 0.5019681743826799, 0.4979618817219622]
314,[0.9993346201031615, 0.4993524722594031, 0.496685990194467]
315,[0.9955571642829593, 0.4904938376396812, 0.5156681431651394]
316,[1.005772937448787, 0.48989205805758307, 0.5112847147921823]
317,[1.0074755924625143, 0.49998042963173883, 0.4925444051143218]
318,[0.9914458914946156, 0.504000057317173, 0.49633556607986]
319,[1.0032025300318337, 0.4980159596169963, 0.5016696698369735]
320,[0.9999628911297331, 0.5115451451755256, 0.4789663041205891]
321,[0.9972396744015894, 0.5005170612148025, 0.5006167031432177]
322,[1.0018594802741836, 0.5020021532050666, 0.4931080085858737]
323,[1.0018223931330317, 0.4960065480911197, 0.5059273482812726]
324,[1.0083776165618341, 0.5080000087424541, 0.48145195650682154]
325,[1.0003521297846336, 0.5000717383554196, 0.4986913676234693]
326,[1.0040471786760323, 0.4869433324458034, 0.5232558057379243]
327,[1.0018306722838, 0.4980000097287355, 0.49879494782257805]
328,[1.0029115500586574, 0.49799998969474185, 0.49699729178473895]
329,[1.006844644979233, 0.49200101627419734, 0.5114935737049439]
330,[1.0026030264474153, 0.5050089241547066, 0.4905458579968982]
331,[1.0010325444526462, 0.5060067959676371, 0.49221927361759793]
332,[1.002086649928856, 0.49295464537783584, 0.5094172787417867]
333,[1.0053718317344784, 0.4840126937304239, 0.526435360412351]
334,[1.0064883866352237, 0.48519760801807416, 0.5215883938319004]
335,[0.9998088621323905, 0.49199856965099414, 0.5177481114980337]
336,[0.9980017438606854, 0.4994736583993134, 0.4979450363454598]
337,[1.0105267412534713, 0.4859999681341392, 0.5211552371252987]
338,[1.0030244949097762, 0.4980000230898284, 0.5015308944576023]
339,[1.0024446628624182, 0.5109137457720012, 0.47911036396180945]
340,[0.9997014650697047, 0.5019999914482481, 0.4941258711853976]
341,[0.9970689393528989, 0.5051358418049232, 0.4932095864331389]
342,[0.9969550732335348, 0.48600004760962245, 0.5269813603126006]
343,[1.0039799445647724, 0.5159858395814985, 0.4655572476848975]
344,[1.0022123297411678, 0.4916639354852054, 0.5091169444611305]
345,[1.0132347263593626, 0.486270048476795, 0.5173021724683337]
346,[1.0051704509572248, 0.5000000137460523, 0.4995151911401029]
347,[1.0053459631055743, 0.4953784768880016, 0.5035062136002145]
348,[0.9969164146244323, 0.5015306925402218, 0.5014449608220596]
349,[1.0004515906816729, 0.49922354700560934, 0.49867297860733545]
350,[0.9896947537982922, 0.50600812256913, 0.4879555281040948]
351,[1.001544371285832, 0.5021115510978411, 0.4936924484711016]
352,[1.0028716972007083, 0.4880000432867673, 0.518782977838736]
353,[1.0005947820365033, 0.507999966791692, 0.48700966093030107]
354,[1.0048942300076684, 0.49399097302333955, 0.5094448252830795]
355,[1.0120492188018557, 0.4759999536104283, 0.5412781570381133]
356,[0.9963304090855291, 0.5039974105169494, 0.49375786491854823]
357,[1.0099066502793068, 0.4940058249119646, 0.5091342235123908]
358,[1.0005194395172157, 0.488074755773137, 0.5205238364129432]
359,[0.9983634833118322, 0.49478702489405185, 0.5093524174652586]
360,[1.0068319182015233, 0.4940000113977601, 0.507505281870164]
361,[1.0011139953957782, 0.49999495605334, 0.49760986494004456]
362,[0.9924480360189392, 0.5064158641080222, 0.4897748095336962]
363,[1.0035734415949984, 0.4999947556013238, 0.4965170502209572]
364,[1.0103482502528283, 0.49817170865477, 0.49532355397818617]
365,[1.0033931096168376, 0.5079993590561219, 0.479719396992775]
366,[1.0017390618552997, 0.4999981389502582, 0.4966425418022496]
367,[1.0083629779993366, 0.4899999914589682, 0.5134131154679624]
368,[1.0091090808693768, 0.4879999860807347, 0.5128525565113914]
369,[0.9960483481507989, 0.5139979870194066, 0.4705097046431747]
370,[0.9901778051484268, 0.5067993323810084, 0.4891759676969167]
371,[0.9954538802636935, 0.5092411649675668, 0.4835593673402881]
372,[0.9984829793381317, 0.4880000008135222, 0.5161934760111989]
373,[1.0066775513094584, 0.49799843424358375, 0.49949037867395235]
374,[1.0030667771419555, 0.4950095275137115, 0.5111111672009936]
375,[1.0055349318390958, 0.5009772343858364, 0.49155726187647036]
376,[0.9930030945925258, 0.4999969568357462, 0.5017415793027442]
377,[0.9924160081817305, 0.48086918642113247, 0.5354626136547833]
378,[1.0000107027172014, 0.4980803173847131, 0.5017092563912168]
379,[1.007481443672479, 0.49970860269085937, 0.49820925625273066]
380,[1.0023417975599507, 0.49800147601014744, 0.5036229452459976]
381,[1.0035135361637977, 0.49199954851591887, 0.5077240752951309]
382,[0.9991912692290339, 0.48631308060791323, 0.5260476908561574]
383,[1.0053952190754554, 0.4940023530072236, 0.5133173818032817]
384,[0.9951507707518151, 0.5006829506973901, 0.4969859783679159]
385,[0.9958558761600091, 0.4941007436838986, 0.5123662372731819]
386,[1.0041371752031045, 0.4911096557285761, 0.5155517990507964]
387,[1.004825355696842, 0.49001775280807175, 0.5131401188237914]
388,[0.997969526929331, 0.49867310884405935, 0.5047519736269528]
389,[0.9957663330147661, 0.4961135848019515, 0.5096311569715674]
390,[0.991795193451385, 0.502000226787262, 0.5005808850942333]
391,[1.0046339628611662, 0.48600017357375697, 0.52185577788764]
392,[1.003725266978798, 0.49828187841992005, 0.5042657056893461]
393,[1.004757089861302, 0.49331272872071275, 0.5084509026266697]
394,[1.0119190828918214, 0.48399804700691157, 0.522115923160428]
395,[1.0052162753429847, 0.4959999888794347, 0.5017879079405376]
396,[0.9996995687720683, 0.5142583542053172, 0.4710362729387589]
397,[1.0021857965503633, 0.49999349556984385, 0.4980618688082184]
398,[1.0013315365760034, 0.4920000032813639, 0.5117872560921447]
399,[0.9971252218241163, 0.5064329740988336, 0.4870672632080132]
400,[1.0032467209624178, 0.494859680827842, 0.5070909862203488]
401,[1.0000223129182757, 0.5114571855101367, 0.4774337189193747]
402,[1.00593970777621, 0.49468515773725913, 0.5062746571790434]
403,[1.0004045320537938, 0.5099987349938332, 0.47793562942488466]
404,[1.003673452033894, 0.49800000245805937, 0.5010382664859554]
405,[0.9952679759592787, 0.4900010538901028, 0.5186259144614879]
406,[1.005186275397387, 0.5039765583606538, 0.48742203267877454]
407,[1.0081292042382852, 0.4940203719082558, 0.5042013473038512]
408,[0.9934843442681335, 0.4949832907752065, 0.5049653373909166]
409,[1.0002211073312994, 0.504144990434666, 0.49511259417297393]
410,[1.0044523593975387, 0.4916408339085469, 0.5115705527270867]
411,[1.0046484727608065, 0.49399974251107426, 0.5072493933319849]
412,[1.0028550061671453, 0.49626316185577385, 0.5080037887384798]
413,[1.0011152890026234, 0.4899983118964092, 0.5118820317186416]
414,[0.9941363694160127, 0.5020000008957011, 0.4960355706581017]
415,[1.0111608889541568, 0.4959843423994827, 0.5006372065351865]
416,[1.0076434287424252, 0.5059997518744148, 0.4856746662505898]
417,[1.0023955096681674, 0.5039785040205216, 0.4896602305492798]
418,[0.9987328846028473, 0.5100031016769828, 0.4804288253801896]
419,[1.011012465030353, 0.4899990463237381, 0.5162360050829293]
420,[1.0005757442731302, 0.5020495092812833, 0.49487547486226174]
421,[1.0009227158150789, 0.5063323306701317, 0.48834206784920575]
422,[0.9995519173829233, 0.49713278772281133, 0.5070576050261862]
423,[0.9926696194013568, 0.49799838411916086, 0.5099436029929184]
424,[0.9993640210166895, 0.5009708710387686, 0.494906662495284]
425,[1.0002024822381093, 0.4960021957332602, 0.503148514393025]
426,[1.0043360617965378, 0.5097563578355295, 0.479258479599063]
427,[1.0022802101028465, 0.4974866572713478, 0.4991746700264369]
428,[1.0010320463212603, 0.5039991646196245, 0.49069813253690425]
429,[1.0079707449313553, 0.507391812306433, 0.483003251143084]
430,[1.0032788903646812, 0.48997779091129506, 0.5159307057927729]
431,[0.9990232622088229, 0.5027963284516627, 0.49057915286617626]
432,[0.990733768190639, 0.5042557324493282, 0.4942683551910508]
433,[1.005164190522932, 0.49540577803003144, 0.5059943261056459]
434,[0.9981306877656511, 0.49399527805009913, 0.5074940876670136]
435,[0.996255806325511, 0.4982880182851781, 0.5049306935161338]
436,[0.9991549638913708, 0.48600104839427255, 0.5250515608536622]
437,[0.9975563211083256, 0.486560777119718, 0.5244505919629265]
438,[1.0108659029799358, 0.5100000116745179, 0.4789486667099345]
439,[1.01129683070576, 0.48800000201183635, 0.5181262820464605]
440,[1.0114098424096052, 0.4959999578933952, 0.5043126461499133]
441,[1.0004419158008566, 0.49282931555680237, 0.5107151617351053]
442,[0.998449744986507, 0.500659948765175, 0.4973324351175743]
443,[0.9985095268846755, 0.509304056894405, 0.4861939803653307]
444,[1.0055611126231896, 0.49062020704616865, 0.5156625389605025]
445,[1.0032038922450974, 0.4997302820525669, 0.49480022975855953]
446,[0.9996208163404571, 0.48999907393485653, 0.515939190471064]
447,[1.002668314194379, 0.492009786971782, 0.5137873981232558]
448,[1.0025814539481952, 0.5035607245753597, 0.4908863437789657]
449,[1.0017520615966569, 0.5019734506813889, 0.49484930562657603]
450,[1.0081948857652676, 0.5015534219019396, 0.49391201329454515]
451,[1.0069182093713147, 0.4959983375606841, 0.506564581184123]
452,[0.9935077865520262, 0.5080124849357843, 0.4821247422032951]
453,[0.9987142624585631, 0.5140000097116701, 0.47362248743542035]
454,[1.0041645739059277, 0.49669383147215224, 0.5069464233865482]
455,[1.0045459912996701, 0.4989084482274851, 0.5017310741157329]
456,[1.0082863153066075, 0.4940000025782642, 0.5089245842018001]
457,[1.000198394033187, 0.5059987179277176, 0.486137564448418]
458,[1.0032678051662849, 0.5079999941756052, 0.4812046794676745]
459,[1.0066811605031598, 0.48799999994306875, 0.5179585030965245]
460,[0.9972287226389352, 0.49999668021168203, 0.4966159023362984]
461,[0.9967293894693621, 0.5051562797282486, 0.4948552039554596]
462,[0.9968624261777214, 0.5006627603636813, 0.49949059129839823]
463,[1.0004169250240724, 0.49845782102372, 0.5002325163877894]
464,[1.001487172552739, 0.4959999822514929, 0.5063707945210946]
465,[0.9990748466945151, 0.4979991964458952, 0.4989173784402166]
466,[0.9964395280458924, 0.4979531442256471, 0.5012509965119977]
467,[0.9978767949618148, 0.4940015317337816, 0.510065996725769]
468,[1.0079957776286708, 0.48925277074701656, 0.5157591350379451]
469,[1.0007554256712183, 0.5079520628537627, 0.48292865898293724]
470,[1.0045490741125205, 0.49200612797360943, 0.5125703573194498]
471,[1.0060942843220713, 0.47915688828852915, 0.5275883842117081]
472,[0.9976034908930606, 0.5000000038211442, 0.5006650178842155]
473,[1.0031081067255552, 0.48663909439733843, 0.5236760171412602]
474,[1.0095872077917898, 0.4861782385396097, 0.5191853056769969]
475,[0.9996755154575574, 0.4939999883474029, 0.5110343444830303]
476,[1.0125969703004345, 0.4847471806095967, 0.5218308423337109]
477,[1.0015380036303654, 0.48599815784983086, 0.5213706093237763]
478,[1.0026517905728014, 0.49800005495357613, 0.4987534503790191]
479,[1.0120347410314268, 0.4960001018057936, 0.5034851136358154]
480,[0.9987248094038086, 0.49244198327682187, 0.5122469634907617]
481,[0.9931284195123432, 0.5199999616285935, 0.46765784784651027]
482,[0.9983813570295426, 0.5055359155692957, 0.4946016955584632]
483,[1.0039175596871266, 0.5068704639483259, 0.4859641506153971]
484,[1.0048519553110637, 0.497950251236551, 0.5019994646147818]
485,[1.004398172065188, 0.4950330358137599, 0.5055579294987863]
486,[0.9980216454545318, 0.5019999979868972, 0.49257091630381805]
487,[1.0039598253637114, 0.491999987264877, 0.5129075251029485]
488,[1.0002232781759544, 0.4945574816750243, 0.5091125668913496]
489,[1.007913158625429, 0.49600798453199535, 0.5038403222601796]
490,[1.0081119706083959, 0.48399991309278323, 0.5239641974041288]
491,[1.0012417915436398, 0.4882174858602902, 0.5238650968854435]
492,[1.0076926361548686, 0.48599999616349054, 0.5201143440870835]
493,[1.00382641902381, 0.49599992600346776, 0.5015226984714175]
494,[1.0040706676847488, 0.49799997143677693, 0.5033295451154262]
495,[1.0026298623475136, 0.5059986530996294, 0.48925197427962097]
496,[0.9869634337515797, 0.48800332280296776, 0.5284949004744953]
497,[1.0096285126891122, 0.49000040987740895, 0.51529085180594]
498,[1.0030379149385396, 0.4859900723978528, 0.5195892828341054]
499,[0.9959375159923243, 0.4920022663827351, 0.512493961547819]
500,[1.0014542131486341, 0.5039992940759375, 0.4920223865662878]
501,[1.004205802867851, 0.49400046026278677, 0.508716258737261]
502,[1.0069165957276711, 0.4978296463173594, 0.5012420888597822]
503,[0.9997677351011389, 0.48891665359495934, 0.524755402668717]
504,[0.9995066679934221, 0.5139999953009349, 0.4753260621669653]
505,[0.9941037845314099, 0.4960000003417583, 0.5106762488245672]
506,[1.0029181988137157, 0.49781646943592256, 0.5032129276842787]
507,[1.0038604872040093, 0.48917648094285493, 0.51818112136856]
508,[1.000261857018143, 0.5039979772821978, 0.49017873033719583]
509,[0.9916414336827145, 0.48204298980655147, 0.5352901607268471]
510,[1.0156141470357274, 0.4798603004390854, 0.5294729245805143]
511,[0.9981611726860756, 0.48906067874234393, 0.5158493738382506]
512,[1.0098847758035567, 0.5019998985307995, 0.4890924819035464]
513,[1.005930877765837, 0.5093136805107689, 0.4792459028268269]
514,[0.9960007360688116, 0.4959999966999954, 0.5077366015281579]
515,[1.0021344813408317, 0.49617804729661624, 0.5063185385125473]
516,[1.0150820204415014, 0.4972752717982698, 0.5011056564495433]
517,[0.9974609316605142, 0.504054899097968, 0.4931161813295446]
518,[1.000064240427668, 0.5017047869021499, 0.49650682860260115]
519,[0.9990084107676591, 0.495999957737496, 0.5005166265932552]
520,[1.0061625009634523, 0.4922409393357835, 0.5151233455107815]
521,[0.9944285305487348, 0.5065992906181035, 0.49239585571582833]
522,[0.9973361439362514, 0.4940049034449438, 0.5105450022043599]
523,[0.9999732197527644, 0.5020050868514868, 0.4962568730693165]
524,[0.998796805106904, 0.4959988609723605, 0.504110112828481]
525,[0.9953231493430126, 0.495791066071574, 0.5104511241279736]
526,[0.9990136023001889, 0.49417893525384043, 0.5135708691528365]
527,[0.999901551524022, 0.48803032522065415, 0.5214130988610927]
528,[1.0063515295083074, 0.4936440363894424, 0.5074069207458307]
529,[1.0082307155472499, 0.49846094536660907, 0.49643641568675684]
530,[1.0021536865382379, 0.4961747481244146, 0.5036856331121313]
531,[1.0043609047875965, 0.5087628180556618, 0.4784168813217295]
532,[1.00092975132337, 0.4873231684762451, 0.5218361580622105]
533,[1.0005415704671705, 0.5000252404658512, 0.5011011376634659]
534,[1.0064216894139457, 0.4939930134856943, 0.5069611182448045]
535,[0.9998319105587831, 0.5034209709299338, 0.49475459684966566]
536,[1.0031264086973453, 0.500007242838545, 0.4985511773891252]
537,[0.9939579107436578, 0.4899999939768719, 0.5208287796125173]
538,[0.9942884033482667, 0.5149750935176766, 0.4731436823155779]
539,[0.9946201852205063, 0.5179925001933631, 0.46826068364806267]
540,[1.001753963744076, 0.5048759487531332, 0.4888045438471129]
541,[0.9992004388225018, 0.514000996937588, 0.4765286322356679]
542,[1.0097066186926487, 0.4890600097688733, 0.5155304680714465]
543,[1.0085115015129187, 0.49200002123368464, 0.5096433644027673]
544,[1.0041577805781892, 0.4900001857113948, 0.5194238911400014]
545,[1.0082657521430942, 0.4963525010354406, 0.5085057403946023]
546,[0.9988983779264645, 0.504001189043402, 0.4940217751765946]
547,[0.9984989365626366, 0.4959999816865901, 0.5072245706240504]
548,[1.0079435463112272, 0.49200072932924244, 0.509854325134481]
549,[0.9967744404334029, 0.5099923546308022, 0.4840028060120208]
550,[1.006581676702048, 0.5018932311836927, 0.4946074009337432]
551,[1.009916480728581, 0.4879918153467979, 0.518715690319838]
552,[1.0010911097218629, 0.5020176281290895, 0.4957848136589874]
553,[1.0058630812815292, 0.4991085035914553, 0.4996082033044223]
554,[0.9938313859861861, 0.5040356477379068, 0.4948601324196769]
555,[1.0126629302838102, 0.485997660639978, 0.525127387458917]
556,[0.991566441494248, 0.4940000007825315, 0.5141327209694396]
557,[1.012074603437156, 0.49245587616589864, 0.5078641118418721]
558,[1.0028037083975123, 0.505908756641497, 0.4908292041449114]
559,[0.9974343219839388, 0.5100072312525824, 0.4838374557617189]
560,[1.0072606410737655, 0.49638256927198443, 0.5078348489351282]
561,[1.000237137085499, 0.49799599244447734, 0.5039653107764196]
562,[1.0054446106346409, 0.48800002666414205, 0.515622768388293]
563,[1.000126649121412, 0.49424377534317837, 0.5089866547491005]
564,[1.0061686712941538, 0.4899975571239168, 0.5128590308609865]
565,[0.9936283558310729, 0.4881328924141914, 0.5229640546461125]
566,[1.0022943477925146, 0.489712509359995, 0.516930854185268]
567,[1.0047113926678712, 0.48817648293832133, 0.5161626248993467]
568,[1.0021050993806033, 0.4876126938763536, 0.5196664794305742]
569,[1.0131966402590014, 0.49444534569247667, 0.4998493495714473]
570,[0.995465926874469, 0.5076227551414534, 0.49057844488154656]
571,[1.00433702617387, 0.5039999926409657, 0.4906992730283309]
572,[0.9972048097931542, 0.49600000204273587, 0.5034623850860206]
573,[1.011770384102383, 0.48600001318791425, 0.5201088375463958]
574,[1.0096106050922824, 0.48205877959988414, 0.5319113584251781]
575,[1.001792393884567, 0.4900006153763927, 0.5165241933077]
576,[1.0066543555930476, 0.4999967643914817, 0.49677452320466364]
577,[1.0104710546162592, 0.49199979184215764, 0.5105093549239591]
578,[1.0062329779212766, 0.48382136802926407, 0.5217489854978193]
579,[0.9999263900490687, 0.4996027212770846, 0.4988346142217553]
580,[1.0052074802992572, 0.4949696167548943, 0.5047815454941516]
581,[0.9963888904097136, 0.504781738779074, 0.4949399451735302]
582,[1.0057234539058004, 0.49083935069491247, 0.5137595814777643]
583,[0.9993208283230811, 0.4966542097866342, 0.5047836056107015]
584,[1.0008229248488083, 0.4989392528251011, 0.5057398309027216]
585,[0.9989938670531068, 0.5019954715643486, 0.4918965658998748]
586,[1.0076102674255638, 0.4999670418405687, 0.49631190754912735]
587,[1.0040304164346334, 0.49200022227428036, 0.510419254750248]
588,[0.9973869493151125, 0.5066514073127169, 0.4859605925734595]
589,[1.0006071661382743, 0.49019039895282335, 0.5181209488136341]
590,[1.0014234187533275, 0.4980005155471585, 0.503253868552554]
591,[0.995232671782837, 0.4999804635503855, 0.5006567907908273]
592,[0.9987538014094107, 0.4899999805833015, 0.5140200614623546]
593,[1.00368561778454, 0.4999999895877862, 0.4968292751894234]
594,[1.0063732432717016, 0.49375667464122797, 0.5092628755320129]
595,[1.0096400723118855, 0.4930394858318719, 0.5057663248208318]
596,[1.007215449099907, 0.4925798685476885, 0.5083133558082416]
597,[0.998050022472803, 0.4937471794572698, 0.5076075953534629]
598,[1.0014509361580837, 0.491853552531555, 0.5158332430186854]
599,[1.00670940160443, 0.5071783539849994, 0.4791637590422671]
600,[0.9993269738362709, 0.5077986704541784, 0.48550331910915007]
601,[1.007281821365214, 0.5122595342434382, 0.4747372403515385]
602,[0.9989189810612226, 0.5045025300567869, 0.4890807143401378]
603,[1.0056687760560186, 0.49199924329122224, 0.5076818237442753]
604,[1.0061632163855068, 0.4979919073059659, 0.4952639475167049]
605,[1.0027427032798384, 0.49600002556724754, 0.5074384738009041]
606,[1.0098451843610807, 0.48600359383229436, 0.5192597677991604]
607,[1.0037493909503894, 0.5069273060997866, 0.4852272440950389]
608,[1.0062082577365188, 0.4850341787929844, 0.5224180731798581]
609,[0.9907259824983717, 0.5040512735154481, 0.4951094596819372]
610,[0.9998051801224399, 0.5000000089863383, 0.49986310935732053]
611,[1.0023465181664455, 0.49800332075409165, 0.5051290034352844]
612,[0.9985473458805324, 0.49000002092594, 0.5193666116199285]
613,[0.9910684266533616, 0.49800000608669365, 0.5074605102884057]
614,[1.0030587490075404, 0.4953910471977557, 0.5048636383315953]
615,[0.9931126095110644, 0.49410647496527166, 0.5149444704719165]
616,[0.9994204413149337, 0.4960099528783737, 0.5062752667628897]
617,[0.9924813715799354, 0.5037962420705594, 0.4915207609488629]
618,[1.008682421899474, 0.4890922908007829, 0.5167927422721995]
619,[1.0031603418757005, 0.5126853784645541, 0.47664517237268966]
620,[1.0074885281828994, 0.47999802695978955, 0.5303503739061585]
621,[1.0032713267617581, 0.49749334891078545, 0.49994419866555234]
622,[0.9993155413992704, 0.49695111234829137, 0.5069803451302031]
623,[1.0033906980179157, 0.4919410542138253, 0.5134958165173924]
624,[0.9939242745977421, 0.5020000410347163, 0.4991869432437785]
625,[1.0052557087441427, 0.49399973606100783, 0.5043595512586042]
626,[0.9983120814236263, 0.5020632037851378, 0.49699647920599893]
627,[1.0067357616423938, 0.4939999980432401, 0.5084143907200589]
628,[1.0079573741533339, 0.488000062808478, 0.5218706495524588]
629,[1.001472371102693, 0.5001047160309716, 0.49652787721603975]
630,[0.9998062927059863, 0.4840000063888137, 0.5234857612271919]
631,[1.0060103384907897, 0.49399999465960553, 0.5065157910941154]
632,[0.9949140413717432, 0.5099395869840835, 0.48065675122824325]
633,[0.986253063081407, 0.5000012877856477, 0.5022818600558723]
634,[1.008122837059565, 0.5039311105345323, 0.48736015724801013]
635,[1.0014433074024782, 0.5019999897444165, 0.4966521941967433]
636,[1.0071016972609927, 0.4956980891147621, 0.5014906118201433]
637,[1.0043796430625107, 0.5079970759109176, 0.4811341463471572]
638,[1.0089354588870982, 0.49727965820404724, 0.5031092949047984]
639,[1.0017710173156684, 0.48999998815082735, 0.5164880522036278]
640,[1.0050302262795099, 0.49994641873201745, 0.4979275142183651]
641,[1.0046509332421902, 0.5020018260733443, 0.4945440465678953]
642,[1.0078143586070527, 0.5132223772105761, 0.47469483255380535]
643,[1.0056042531598406, 0.5046918422944268, 0.48842381232211635]
644,[0.9981254956333586, 0.5000009608473733, 0.49833199646935705]
645,[1.0048361828726122, 0.49200000402006216, 0.5121272319877843]
646,[1.0025620598754899, 0.49884918707153986, 0.49801435531227706]
647,[0.9990468487198623, 0.5131861584220426, 0.47448326452035167]
648,[1.004418223144102, 0.4820013957486593, 0.5299075233221038]
649,[0.99506660266467, 0.5099999971781826, 0.4854946286375096]
650,[0.998763685612194, 0.4820745675851451, 0.5309006335341172]
651,[0.9961527950738754, 0.4936560140209593, 0.5128370484116028]
652,[0.9974000069651816, 0.5122305142068245, 0.4756218905227756]
653,[1.002411202545726, 0.5014124631532579, 0.4943321416129268]
654,[1.0043028031365764, 0.5012852928556696, 0.48990677124966847]
655,[0.9997492986578836, 0.4920005400606596, 0.5163249830989868]
656,[0.9989579048207073, 0.5039996468784597, 0.49218359683320667]
657,[0.9985007320480451, 0.4940000498711028, 0.5112507684267797]
658,[1.004939120369611, 0.5021546330566742, 0.4927490053985125]
659,[1.0047216434773103, 0.4899994835402631, 0.5152167541005291]
660,[0.9974379536537745, 0.49800220378069465, 0.508174160753428]
661,[1.0110590279597154, 0.48950436276117476, 0.5123618222978866]
662,[1.0141608291976216, 0.4906272164965818, 0.5058477755403742]
663,[1.0050020367282733, 0.48945118392025555, 0.5163175366764999]
664,[1.0029573400638514, 0.4840000042774122, 0.5230631460973428]
665,[1.0055367506899124, 0.5020000094368794, 0.49231628093621893]
666,[1.0038861683824443, 0.5047975070041951, 0.492967960292703]
667,[1.0032589949137336, 0.4992409295862122, 0.493806088790139]
668,[1.0017901381218928, 0.5040026928639453, 0.48991915829946486]
669,[0.9968683749073806, 0.5020118292655683, 0.49410890944062635]
670,[0.9975747527559571, 0.5098169601708471, 0.48262832027218616]
671,[1.0088888296828253, 0.508576853781421, 0.4797436282451864]
672,[0.9990956926249085, 0.49276043595760194, 0.5138493912156643]
673,[1.0016912163021205, 0.5059999921906481, 0.48783612256825803]
674,[1.0029670839326772, 0.4920022124193963, 0.5129591812345062]
675,[1.0010812939184057, 0.4979984299253036, 0.502993576098589]
676,[1.0020288663036911, 0.48914754769783253, 0.5167736954927987]
677,[0.9997212540662426, 0.501484161849114, 0.49692359009909587]
678,[1.0048519268638925, 0.5059999767181608, 0.48391470543740517]
679,[1.0032464142217568, 0.5030527415594467, 0.4903741612803545]
680,[0.9929883553466698, 0.49403337986644824, 0.50919122249303]
681,[1.008022523895499, 0.4879957073929054, 0.516679382304216]
682,[1.0075121015785835, 0.4906526814563628, 0.5153831341216383]
683,[0.996511701133601, 0.49646291661565706, 0.5029383317932571]
684,[0.9990349297343931, 0.4899992037702704, 0.5168321790123399]
685,[1.006360440954831, 0.4959998956953434, 0.5064360664242936]
686,[1.0021614832742987, 0.4855437812100812, 0.5248056890017907]
687,[1.0057806191124359, 0.4958575921820584, 0.503279600223255]
688,[0.9981376694533736, 0.5052392063839184, 0.48753262719728313]
689,[1.0002940904144915, 0.5079888774858904, 0.4861030498533079]
690,[0.9989455989363484, 0.498102198172599, 0.5053823307037146]
691,[0.9987608273576217, 0.49783252884209017, 0.5023086504505958]
692,[1.0101668950782592, 0.48400121520489087, 0.5199832010020601]
693,[0.9963283193159641, 0.5061294070923014, 0.48725505522913926]
694,[1.0029304563394947, 0.49600001408644023, 0.5068288039060523]
695,[1.0019586113346328, 0.5105785997488969, 0.47779137149852746]
696,[0.9977234460218128, 0.48815941993858847, 0.5248315092087992]
697,[1.0012777814645197, 0.4963010730272742, 0.5030045650882826]
698,[0.9955996726319943, 0.49087813642635114, 0.5194849104692595]
699,[1.0003492273322554, 0.49042697075728053, 0.517863428371448]
700,[0.9921632867768113, 0.49401274049310867, 0.5112407552558607]
701,[0.9993493045757114, 0.5106736898991157, 0.47925933719423786]
702,[1.0009364173089983, 0.4973625984239338, 0.5027995889140545]
703,[1.0044266329121403, 0.49395062341766544, 0.507725342174105]
704,[1.0013560672656159, 0.49000160502015716, 0.5193220692677042]
705,[1.009908492721216, 0.505149378839146, 0.4863078388097597]
706,[1.0093822575816898, 0.49045938061790595, 0.5158416708261689]
707,[1.0077732218653732, 0.48999997679636403, 0.5155053989509606]
708,[0.9993754686631534, 0.5011386616833955, 0.4999337165107759]
709,[1.001505132075952, 0.49200129058319275, 0.5117007767920717]
710,[0.998195222764013, 0.49598380355886873, 0.502306285310397]
711,[1.0071378531476458, 0.48999310953399916, 0.5162581332684931]
712,[0.9989804743092173, 0.5060007566917712, 0.49007998966245503]
713,[1.002460548481081, 0.5000000029156583, 0.49733375690530984]
714,[1.003266273598667, 0.4939881359173917, 0.5056763909340657]
715,[1.0000726530117665, 0.4980851702994831, 0.5040808008634806]
716,[1.0059989004801428, 0.49799999865426176, 0.5010977280104697]
717,[1.0002240044567172, 0.5100203254981553, 0.4824838230617736]
718,[1.011888933464011, 0.48248046582916954, 0.5284286278972096]
719,[1.0029811381538631, 0.49334515893918596, 0.5092569438529243]
720,[1.000154237831672, 0.501570052537989, 0.49100008786613775]
721,[1.00302684866211, 0.5103687452561652, 0.4763750248947019]
722,[0.997449754710502, 0.49400001003110106, 0.5094165382482784]
723,[1.0051063220019971, 0.4978594976083135, 0.4992486532310457]
724,[0.994342108398198, 0.49909817171777526, 0.5071483386418114]
725,[1.003057362313202, 0.5044786642283124, 0.4894986561928504]
726,[0.9956002773092232, 0.5000133786942215, 0.49966311248262524]
727,[0.992012226010192, 0.5020324543192676, 0.5017245770314491]
728,[1.0120696080283356, 0.4859999844551955, 0.5207642776257722]
729,[1.0000628075966018, 0.4942086033736978, 0.5085284165793291]
730,[1.0019802633726533, 0.4990388096129321, 0.4974210795850145]
731,[1.0024334473946588, 0.4920000081931618, 0.5138437402496868]
732,[1.000543908641385, 0.49199363852239947, 0.5089927629377387]
733,[1.0041664390936722, 0.5012787927949831, 0.4926417565089118]
734,[1.0094707343431322, 0.5019999825341588, 0.49142366190377096]
735,[1.001542406641321, 0.48600286134288023, 0.5224612376745398]
736,[1.0055664641862452, 0.4879999871498027, 0.5168610957766266]
737,[1.0014198706940156, 0.4959988141743714, 0.5067053606873116]
738,[1.0011512292417077, 0.5000008618406792, 0.4975748859705682]
739,[1.0098939114333048, 0.4939999911937636, 0.5040820590049327]
740,[1.001206653111746, 0.4974709504078818, 0.5052138950779118]
741,[0.9951871309351801, 0.48000000539997956, 0.5330580607592925]
742,[0.9952661061381853, 0.5080000070752841, 0.4826065938162743]
743,[1.002196939770278, 0.5119999732926244, 0.47977910272248075]
744,[1.0029644693113708, 0.49306112160327, 0.509149000595179]
745,[0.9988729832550655, 0.4940039215467289, 0.5142550758992199]
746,[0.9964952895664128, 0.4890433713258228, 0.5202080847498912]
747,[1.0022139158585877, 0.5040000001982564, 0.491592615151887]
748,[1.006166655780633, 0.47398980539318747, 0.543605413890595]
749,[1.005082306275385, 0.49598812822762084, 0.5040687208634131]
750,[1.0025249974314565, 0.49636647277082974, 0.5021002205906933]
751,[0.9982014276211608, 0.49674195326677584, 0.5055799350975239]
752,[0.9984425097714263, 0.5161655304487084, 0.4699316742015655]
753,[1.002646820848114, 0.4920037965000594, 0.5129457053533841]
754,[1.0074685753578603, 0.49180051176674333, 0.5086686013049319]
755,[1.0076932617355967, 0.4966561874630517, 0.501427734925492]
756,[1.0013936361826277, 0.49001153577440537, 0.5140141441500209]
757,[1.007903707325379, 0.49523898566465474, 0.5079474131007142]
758,[1.0061024506887362, 0.49000086025538286, 0.517848048861916]
759,[1.0031819144261642, 0.49400000107293385, 0.5102419567878009]
760,[1.006353639273075, 0.49799742537847186, 0.5000419118193399]
761,[0.9954813792927462, 0.5059998352659032, 0.4873149593277525]
762,[0.9927507402777964, 0.5099999817977772, 0.48371004870404655]
763,[1.0112467768083495, 0.4940000024574208, 0.5043905685679504]
764,[1.0074586404781, 0.48912830963320003, 0.5150521526347753]
765,[1.0032025129495326, 0.4848172830533124, 0.5248801160656067]
766,[1.0077007413000865, 0.4879019625223106, 0.5147377589254931]
767,[1.0037112802313053, 0.4919848676262053, 0.5146647379543875]
768,[1.007419313304857, 0.4863566049695696, 0.5250464057338002]
769,[0.9988852888259191, 0.4959364852449707, 0.5072294978923053]
770,[1.0015488238009336, 0.4990066134220341, 0.502456862698401]
771,[0.9967678749049651, 0.4920011449243057, 0.5158766198404836]
772,[1.0044107583936954, 0.5079798971365366, 0.48290846460111364]
773,[0.9989163744160451, 0.4979703077280281, 0.5034065742226527]
774,[1.0037614883508479, 0.48709502182877434, 0.5199765930863931]
775,[0.9976578964241823, 0.4940011606700083, 0.5139687620075064]
776,[1.0015739152494125, 0.48421361641556326, 0.5266696126993422]
777,[1.0041953354037219, 0.5060000149192719, 0.48871971810738274]
778,[1.0114350913678927, 0.49147092552958055, 0.5064442632854531]
779,[1.0126190526718308, 0.4929035032273473, 0.5097413372023843]
780,[0.9950061494695627, 0.4989461439751391, 0.5054299522614978]
781,[0.9989861466832013, 0.4944434871003562, 0.5069527508646996]
782,[0.9992230460507078, 0.5100000165749456, 0.4818067270970533]
783,[1.002087982920435, 0.4962122545232653, 0.5062266614089784]
784,[0.9990193509411104, 0.5000030877430384, 0.5020131673623859]
785,[0.9955398845127775, 0.5039999597579005, 0.4893660259348338]
786,[1.008353167073531, 0.5076456506944076, 0.47839261859514426]
787,[1.0074092554321714, 0.501583671080931, 0.4917156611269771]
788,[1.0035366388688771, 0.5100017032775765, 0.48008361148047946]
789,[1.0053753937635315, 0.4947368628747793, 0.5074098011773733]
790,[0.9929699333412219, 0.5080000009658466, 0.48363026083699284]
791,[0.9992078511044321, 0.4859831158834449, 0.5227323054720632]
792,[1.0034201296743752, 0.4884125960563936, 0.5198461387903105]
793,[1.00946410978449, 0.49566404013285126, 0.5027616163953958]
794,[0.9936617243348447, 0.5066825665565218, 0.49057940651978466]
795,[1.00689637507175, 0.48999996805188156, 0.5164159878786099]
796,[0.9996013706476482, 0.4960003794594196, 0.5047249562361331]
797,[1.0046751596208328, 0.5022255232356917, 0.49626925298962166]
798,[1.0034525895623894, 0.4960332698308692, 0.5004411907086772]
799,[1.000304703767863, 0.4982121091300978, 0.4983473087101339]
800,[1.0030262634007747, 0.5100002736733826, 0.4791763443359755]
801,[1.0035788402233683, 0.494797176244985, 0.5082728785169056]
802,[1.0035421116200196, 0.5057125982920244, 0.48718901313394053]
803,[1.001762297481024, 0.5019987252715131, 0.49172137202542]
804,[1.0018266986964672, 0.49313656143673634, 0.5112290441003503]
805,[1.0045346565835798, 0.49799998209695856, 0.5045085505221044]
806,[1.007444454183624, 0.49800141014963906, 0.4988129609407039]
807,[1.0016133692776608, 0.5001969395953086, 0.49773541932296866]
808,[1.0062311685829883, 0.4978280975282043, 0.5003142907117729]
809,[1.0179017786226645, 0.4839999801700344, 0.5218066232564603]
810,[1.0074788793102951, 0.4860078868120078, 0.5266396863708583]
811,[1.0119463763528065, 0.49000320489899846, 0.5097712868898616]
812,[0.9964843201559797, 0.4910224051822118, 0.511955040110831]
813,[1.0073989258239429, 0.4940006479548618, 0.5057245041096933]
814,[1.0047598776344335, 0.4959915413760012, 0.501681417415544]
815,[1.003422154229044, 0.49377056321004936, 0.5128235713501101]
816,[1.0048892940619432, 0.4879901208681724, 0.5199923948286405]
817,[1.0043892394204517, 0.49549183669802105, 0.5081481666039626]
818,[0.9989739261373988, 0.5068266654850293, 0.4896428956597039]
819,[1.0089280522386026, 0.4926201283713807, 0.5081426976460999]
820,[0.9988224058196403, 0.4940163665390266, 0.5115325097219315]
821,[1.005282266188129, 0.5000000020071238, 0.49836706448456924]
822,[1.0063794408963456, 0.49600000746629597, 0.5081143169580428]
823,[1.0021880559684282, 0.5007901020154059, 0.4942747948819681]
824,[1.0016606451597063, 0.501149628128074, 0.49488427914594]
825,[1.006986467163977, 0.49519080633583645, 0.507189613149368]
826,[1.0097509737223707, 0.5040021189360171, 0.491691947416633]
827,[1.0039701753675017, 0.5000000064231522, 0.50100371294603]
828,[1.0031356313314317, 0.4960693300430284, 0.5090813789646195]
829,[1.0097438509919368, 0.5000130633667565, 0.4933742305201948]
830,[0.9947811194394485, 0.49319403023791336, 0.5128272661480306]
831,[0.9997975865080557, 0.49690947605296043, 0.5039205131762524]
832,[0.9995198772278473, 0.48600091946778917, 0.5226729551656843]
833,[1.0010851338079971, 0.5099269763382255, 0.4772176154393958]
834,[1.0010345741525557, 0.4984062763849687, 0.4961891745285141]
835,[1.001961254080882, 0.5055235350508687, 0.48919029989462814]
836,[0.9930035114211976, 0.49202198401364616, 0.5124315408568052]
837,[0.9973996019788559, 0.49410522885855335, 0.5122801982071736]
838,[0.9916331338451091, 0.5020000062159038, 0.4946827523815088]
839,[0.9978028469153452, 0.5012660679111467, 0.4977984909840728]
840,[0.9995684265231546, 0.5142564852843324, 0.4787561313410173]
841,[1.0063332450515727, 0.48769985296484114, 0.5178676932614089]
842,[1.0048240097203591, 0.5000144119000002, 0.49645109269846016]
843,[1.0042787277319787, 0.5002870962635068, 0.4974154367302288]
844,[0.9980020897471062, 0.49400679937902603, 0.5096825534648316]
845,[0.9991624735401973, 0.5100459212107907, 0.48087986132105676]
846,[1.0007568272682459, 0.5000000133569447, 0.4998703406736453]
847,[1.0125928671463986, 0.49799861578153587, 0.49620963490376546]
848,[0.9979801127622259, 0.5113415731865038, 0.47833892889096136]
849,[1.0026875131931121, 0.48459789194202857, 0.5266320777129353]
850,[0.9982448701607537, 0.4930046211798108, 0.5112371092061734]
851,[1.0022173497053992, 0.49941569805316566, 0.4958795486751054]
852,[0.9996427309039203, 0.49610950087717676, 0.5066167759136307]
853,[0.9960317749768588, 0.48000000359198064, 0.5381712684754342]
854,[0.999196409405517, 0.5033471907399137, 0.49520496983122486]
855,[1.0068171944283177, 0.49229201340815315, 0.5051893584873226]
856,[1.007799387868971, 0.4926150438197151, 0.5082114862061857]
857,[0.9966735781825625, 0.5004009966613147, 0.503624918028797]
858,[1.0032128176524857, 0.4937589740069317, 0.5045425634021695]
859,[0.9875685485168489, 0.507988441610498, 0.486346689605325]
860,[0.9952013294605451, 0.5000075809947104, 0.5015038352780733]
861,[0.9964280339604764, 0.5100000136732652, 0.4824382692906008]
862,[1.008021992981685, 0.49731324647018954, 0.4987388753427258]
863,[1.0007985867592013, 0.49600000273663886, 0.5017704964097047]
864,[1.0067073281073018, 0.4892803359762901, 0.5084428728433859]
865,[1.0012249262516182, 0.5001237547075217, 0.4962875471847294]
866,[0.9853928436917824, 0.5059965264116894, 0.4955492238023248]
867,[0.9982782614527728, 0.49000000621861206, 0.51804427039459]
868,[1.0025380187856423, 0.5019999691187682, 0.49774987306892293]
869,[1.001428859783971, 0.4903353167568352, 0.5162296402801414]
870,[0.9981220158261882, 0.5123626092264456, 0.4808760833940444]
871,[1.0018191198573312, 0.4840030529327847, 0.5244758557274163]
872,[0.9992376500319607, 0.48955849418101377, 0.5167594379981583]
873,[0.9988789099007285, 0.5080000117135841, 0.4850548734000214]
874,[0.9999584231720539, 0.5019968186496466, 0.49657534022000643]
875,[0.9928081768589446, 0.5140031210100103, 0.47585523295463333]
876,[1.0038921917358488, 0.5115080186521312, 0.4747076722216286]
877,[1.0060865179627803, 0.4841568734765835, 0.525515795272966]
878,[1.0065620487631877, 0.4987610320558641, 0.5029761172847067]
879,[0.9996595489751419, 0.5039999780342537, 0.49385250617238097]
880,[1.0040872834333927, 0.4880027127067799, 0.5223465842877197]
881,[0.9921332967582219, 0.500000865521341, 0.5064811699839313]
882,[0.9961729155390092, 0.49400000514241854, 0.5113836373568093]
883,[0.9979252530804492, 0.4900027787845401, 0.5186848303070396]
884,[1.0027823879547748, 0.48600011776622326, 0.5208014368951137]
885,[1.002662220453576, 0.5080000067524814, 0.48242205031311586]
886,[1.0028963433400522, 0.5100000124085767, 0.4818832471459369]
887,[1.0018599045316636, 0.5019880298165227, 0.49334965714641854]
888,[0.9999810981990885, 0.49000000187399956, 0.5137828897107286]
889,[1.0003862301150124, 0.5091070510064744, 0.48114489042135333]
890,[1.000307819841352, 0.5080001440566101, 0.48860262718440584]
891,[1.0063032437320805, 0.4920146777369428, 0.5080530200357545]
892,[1.0025503456184517, 0.48599919832380123, 0.5221617003353202]
893,[1.0039491443016828, 0.49600001514755576, 0.5059767437345657]
894,[0.9960251725044527, 0.4940064229856698, 0.5112017350192481]
895,[1.006114141775686, 0.5004658014552607, 0.500197326039729]
896,[0.9961067503361615, 0.4880000048987686, 0.5202099598106801]
897,[1.0075882724048364, 0.4947999650771613, 0.5045680519151344]
898,[1.007944716917328, 0.4816411958875288, 0.5268675788215768]
899,[1.0109429597794628, 0.4949526424205993, 0.5020761851712414]
900,[0.9941498539639213, 0.5140008333985399, 0.4768909126642094]
901,[1.002431021240491, 0.4919999769043722, 0.513245700150795]
902,[1.0050331578391394, 0.501999992880718, 0.4951690578795943]
903,[1.0089575074346921, 0.5040005967789244, 0.49016108278402404]
904,[1.0020983995779018, 0.49927211011590084, 0.49738548367232444]
905,[0.9963184370663108, 0.5160141958170029, 0.47097042718080645]
906,[1.0032027494131808, 0.502008291659638, 0.49706151758941947]
907,[1.000580312231394, 0.4965125947495918, 0.5018598487448473]
908,[1.00209486705745, 0.5000000083498228, 0.5014411701599534]
909,[0.996629254489457, 0.5088813987472187, 0.48685875111017296]
910,[1.0084478631101286, 0.48998968857425385, 0.5107558249814285]
911,[1.0058510244071717, 0.5011707322477789, 0.4958482367075655]
912,[1.0072775424550042, 0.49005548809713806, 0.518053879789443]
913,[0.9982875638919905, 0.5078711844495181, 0.48149389295517775]
914,[0.9992252901139744, 0.4918822354665343, 0.5147444960697091]
915,[1.0019526955561326, 0.4940000218994894, 0.5123662902743933]
916,[1.0041732550102163, 0.5069272845837858, 0.48563892025061955]
917,[1.0010458388993697, 0.4939988863553772, 0.508519401243746]
918,[1.003831196076848, 0.5079955609620435, 0.4814677078733146]
919,[1.0023561814203164, 0.4940105664162904, 0.5077955416245585]
920,[0.9997473030099331, 0.5086374606891607, 0.4867793423814569]
921,[1.004138870370598, 0.5035553179957488, 0.4874508549533088]
922,[0.9913326588523431, 0.5080765458663279, 0.49234522194637775]
923,[1.0002330943002202, 0.5022791527053125, 0.49564460049879616]
924,[1.0034213548136413, 0.49800005011978526, 0.5050774288288817]
925,[0.998540073358945, 0.4920000391348281, 0.5135207254081587]
926,[0.9996171938334103, 0.5020169586903386, 0.4931964288370476]
927,[1.009497323124354, 0.49797031394964386, 0.4932669579306169]
928,[1.007247741524489, 0.5066049262949348, 0.48800944351310005]
929,[1.0061861066599243, 0.4934435452087977, 0.5060029885297923]
930,[1.0002143619833492, 0.4911632558266786, 0.5152928738399362]
931,[1.0035797673807894, 0.4956369000722192, 0.5073102472820372]
932,[0.9984618085209004, 0.5053850919657422, 0.49170011203357206]
933,[1.0034171634723903, 0.5019969903554897, 0.49312307477819517]
934,[1.0050336644900382, 0.49400000167291896, 0.5117871836139768]
935,[1.0011753847930294, 0.5017582328378403, 0.4940698178774152]
936,[1.0071455856912856, 0.4910734775452409, 0.5128663122535095]
937,[0.9989394883831614, 0.4839977444174821, 0.5231629847488156]
938,[0.9947090714586938, 0.5000000106523106, 0.5023118883465996]
939,[0.9971168801175017, 0.503996342764725, 0.4954168775579952]
940,[0.9984688460645157, 0.517984718248048, 0.46837906282591]
941,[1.0027765925081749, 0.50600012382708, 0.4893632024854258]
942,[1.0134565383895715, 0.49996158624296816, 0.49462805993332737]
943,[0.9973446127020417, 0.4880090545895194, 0.5224264420513146]
944,[0.9977718210609345, 0.4959991451970649, 0.5041866124800579]
945,[0.9998423098047157, 0.5006074149976859, 0.5008832248783253]
946,[0.9937572185256844, 0.5000109550840972, 0.5017002589336106]
947,[1.000551707300498, 0.48200220456019227, 0.5304424417926897]
948,[1.0051262957583713, 0.492141724696684, 0.5131893540082646]
949,[0.9930244186684277, 0.507999997123246, 0.4898869539801163]
950,[1.0021246720119736, 0.4919999865347304, 0.5111159066621113]
951,[1.010566574144661, 0.49542144378306946, 0.5040588705576994]
952,[0.9997016409157329, 0.4860021327438075, 0.5246084691805082]
953,[1.0040667870359468, 0.49400000571933445, 0.5098840624017948]
954,[1.0080584130163677, 0.47815073972035427, 0.5348485331230668]
955,[1.0040503753100753, 0.49687918748882304, 0.5018065708453127]
956,[1.0022406384402278, 0.4939999928609955, 0.5055469348407301]
957,[0.9990206014953302, 0.4979994925133286, 0.5054876638984912]
958,[0.9976829824174486, 0.5032218587212732, 0.4931460850272685]
959,[1.0027209178839884, 0.4919999635641423, 0.5097951788249612]
960,[1.0067664548439452, 0.4821979066267066, 0.5274021360723048]
961,[1.0007290450592319, 0.5039999405035829, 0.48762474416867896]
962,[0.9946721759352201, 0.5020005801866605, 0.500842024478874]
963,[0.9993596043846192, 0.5000010462898531, 0.4993061895056986]
964,[1.0055487690692, 0.49199083651477515, 0.5083164694081495]
965,[1.0042716155410574, 0.5100017521421907, 0.47779226396018226]
966,[1.0033396047992456, 0.5021574808459448, 0.49699650766393827]
967,[0.9917659413605219, 0.5051135873349891, 0.4920520135985496]
968,[1.0071853848792385, 0.4889847885515288, 0.5162846848878486]
969,[1.002287694047621, 0.49950570373273245, 0.49889859798345837]
970,[0.9976516036798835, 0.49000030378114157, 0.5198225847967776]
971,[0.9953378797421193, 0.5028809922936062, 0.49297530666483186]
972,[0.9974319882658831, 0.5019991673206372, 0.49700391247278447]
973,[1.003417399422799, 0.4999713394952, 0.49796856079185936]
974,[1.0000046135680967, 0.49283651567823844, 0.5107069832155204]
975,[1.0028990789772871, 0.49200029218032876, 0.5117087174632282]
976,[1.0004218503007927, 0.4920213091884916, 0.512211319205284]
977,[0.9914787787654527, 0.5120000181226138, 0.48522678888377807]
978,[0.9980948310087975, 0.5054985244524887, 0.4896347246265739]
979,[1.0092121026587841, 0.488041015875822, 0.5185901421591971]
980,[0.9968825387179489, 0.4940295211577901, 0.5126735167887833]
981,[0.9977693486593975, 0.492002029053125, 0.5163274281516801]
982,[1.0123971771095628, 0.4839999645374194, 0.5242401849705739]
983,[0.9946828264047677, 0.5040000125423236, 0.49598883996334864]
984,[0.9984701823493609, 0.4942049605508556, 0.5092419106767491]
985,[0.9999517698816454, 0.502495578662372, 0.4972718660523746]
986,[1.0077274053791336, 0.48848017387678194, 0.518693094224266]
987,[0.9982359954030476, 0.5056273488480596, 0.48890731218535693]
988,[1.0094324922248579, 0.49600496848426634, 0.5104885125582541]
989,[1.0016767932922264, 0.47964004298017693, 0.5325182207126248]
990,[1.004870753286623, 0.4939999985103072, 0.5088940437001926]
991,[1.0032855575774569, 0.49599142198871127, 0.5061833060591421]
992,[0.9968641541945776, 0.4901988391437723, 0.5164160056588134]
993,[1.0078358444708213, 0.49400003432064127, 0.5113916457556426]
994,[1.0039919140105742, 0.4977965846091471, 0.5032368705658793]
995,[1.0042389271766752, 0.4928425724293003, 0.5100952509218764]
996,[0.996175273755447, 0.5080253362924498, 0.48481534013090416]
997,[0.9861525048519503, 0.496011742655185, 0.5122374773132982]
998,[1.001831772628138, 0.5080136427078628, 0.48623714540615676]
999,[0.9919836593655734, 0.5015979207610697, 0.49760725966131664]