
0,[0.9985976848233896, 0.50744826783017, 0.48698304343286314]
1,[0.9999233595082097, 0.49480455349230823, 0.5085181560735611]
2,[0.9959251132493481, 0.5154023677567761, 0.4739080722637226]
3,[1.0033074020936734, 0.48886098131448885, 0.5180908093192305]
4,[1.0060012397357758, 0.49828063607304507, 0.501468785111806]
5,[1.0055617689968317, 0.5013877418493377, 0.4952623034888643]
6,[0.9992253300565275, 0.4969310447205066, 0.5055842985740411]
7,[1.0090223946822832, 0.5162778909825464, 0.4615852036076917]
8,[1.0048419905718757, 0.49621982635972733, 0.501690789611167]
9,[1.0148390869852437, 0.4965613695407653, 0.49892162001728474]
10,[1.0033853218125048, 0.49848407622845026, 0.5015945022318168]
11,[0.9918035098198621, 0.4950390923997269, 0.5142003389552835]
12,[1.007190903616221, 0.49739513353667675, 0.4995628067737112]
13,[0.9969676923556801, 0.4999361669482386, 0.5013577180755104]
14,[1.004483849671714, 0.49916281061374923, 0.4987290105358017]
15,[1.004846342305107, 0.5008270652850698, 0.4978290904121316]
16,[0.9977727789645433, 0.4951940510285441, 0.5124945212305905]
17,[0.9946909747485907, 0.48910771819945814, 0.5207568835221603]
18,[1.0032869608932793, 0.5040853540571648, 0.4933850274576815]
19,[1.0041411145365102, 0.4871491930579528, 0.5179122232859655]
20,[0.9961311946567992, 0.4963956770977348, 0.5073551427052495]
21,[1.0019248250163877, 0.5006023966620183, 0.5007057841317201]
22,[1.0017592220771314, 0.48881277613885404, 0.5214405386719413]
23,[0.995173717715949, 0.4910855443534775, 0.5162498877176249]
24,[1.0064371096281406, 0.4956828948371729, 0.5024355138388323]
25,[1.0009129335710876, 0.491664015215938, 0.5167697716900839]
26,[0.9904928361221005, 0.5068511852302591, 0.49391807795423137]
27,[1.0019422006862668, 0.4977714297444955, 0.5043391562245314]
28,[0.9939252193344654, 0.49349647211623127, 0.5093668259071532]
29,[1.0015387937222746, 0.5003830674778478, 0.49785059576133545]
30,[1.0058269854757447, 0.4853596963353282, 0.5274686904193044]
31,[1.003514076179973, 0.4883137739989323, 0.5175019090273278]
32,[0.9986982182677591, 0.49298134400742605, 0.5113803068249799]
33,[1.0010969721033076, 0.4937698983302756, 0.5131636325556717]
34,[1.0050720962533097, 0.49695948677941765, 0.5026456379710097]
35,[1.0000782323614041, 0.4923453024630807, 0.5117121525895428]
36,[1.002205164572668, 0.48726623434151023, 0.5235249914166046]
37,[0.9941063756695806, 0.5057927337127573, 0.4896704567536145]
38,[1.012238012151305, 0.48981889714571125, 0.5112624632918062]
39,[0.9933028150809093, 0.4900268682779123, 0.5226198766513003]
40,[1.001813264381882, 0.49501853514812005, 0.506932222997455]
41,[1.0020268823476255, 0.49402746411067305, 0.5111335806903486]
42,[0.994451537906857, 0.5055902595748487, 0.49665135262924104]
43,[1.0012893277884385, 0.4932596423967373, 0.5069112402431141]
44,[1.003107032979366, 0.48925280364967455, 0.5177012471369536]
45,[0.9915383690471045, 0.5082862683858445, 0.4891283250459299]
46,[1.005833498890127, 0.49954109598169155, 0.4994971909805726]
47,[1.0019400356810921, 0.500235320395515, 0.4953275101123791]
48,[1.005647736934795, 0.49653407597778676, 0.5051678146034112]
49,[1.0042741876592882, 0.49369547484512827, 0.5144689174333172]
50,[0.9931059407810927, 0.49940312671367826, 0.5085600812682546]
51,[1.001419348132894, 0.5010545317919982, 0.49783329372895724]
52,[1.0011116015271302, 0.48767988146588215, 0.5198455756430994]
53,[0.994924775759188, 0.4904611525498713, 0.5197431112776922]
54,[1.0043735513834906, 0.4983544602717413, 0.503025596897552]
55,[1.0015566996845229, 0.5044324875911075, 0.4931645398282689]
56,[1.0002372411714155, 0.49714596984879467, 0.504970344775071]
57,[0.9969633670502143, 0.5008969944037878, 0.5028928852293422]
58,[0.9970758707931171, 0.4946965941222127, 0.5145063493001665]
59,[1.0042407032989633, 0.5151394719070255, 0.46770370921187654]
60,[1.0017628449319793, 0.4945422948326259, 0.5090913029792093]
61,[1.002592860327054, 0.49254223622236, 0.5111460301759555]
62,[1.0004107260500201, 0.4899782732603275, 0.5172481319740067]
63,[1.0038561787074542, 0.49242409960671485, 0.5061719517677503]
64,[1.0045421176799747, 0.5004801777300298, 0.49686504822125654]
65,[1.0043016543499066, 0.49869756483830374, 0.500954775193093]
66,[1.000042711395623, 0.48994094192823706, 0.5198322533340699]
67,[1.0158500891396398, 0.4922731394469085, 0.5064366987457056]
68,[0.9985748993202279, 0.4946063461489523, 0.5122589372770798]
69,[0.9959059187143958, 0.5135383060906081, 0.4748059603240248]
70,[1.0089610473273916, 0.4926081533143936, 0.5138240509097523]
71,[1.0025988235393313, 0.4993574379268391, 0.5022010420333448]
72,[0.9932823856372538, 0.5006685262223923, 0.5019349701066125]
73,[1.0030155430487167, 0.4890292924250405, 0.5145792635243811]
74,[0.9974849621403017, 0.4960584542966341, 0.5016460959350305]
75,[1.008321870626033, 0.5100805878821287, 0.4746456821596503]
76,[0.9992335355536102, 0.48354485825693466, 0.5292765918641219]
77,[1.0040808228599283, 0.4841574637688242, 0.524079436975417]
78,[0.9984060087248511, 0.4995718556178375, 0.5019654316586736]
79,[1.0019622533507517, 0.507890320997102, 0.4855718676741754]
80,[0.9925814757881785, 0.5019589810979489, 0.4961617838007643]
81,[1.0064078970330312, 0.4984875701312546, 0.5015770902577604]
82,[0.9949612298850119, 0.4859532702190957, 0.5223368592940595]
83,[1.0023385634621442, 0.5111409858439558, 0.47471621761949373]
84,[0.9985858298234087, 0.5066516002570665, 0.49227570490128075]
85,[1.0044543763906097, 0.48579639724139756, 0.5244420892832081]
86,[1.0044140848445482, 0.49685592749315954, 0.5025500380949794]
87,[1.0048027315825543, 0.5012239051845172, 0.4929039100242028]
88,[1.0045305258549948, 0.4996346969769609, 0.4948111240148354]
89,[1.0016205496032007, 0.4927223310896504, 0.5124892046236601]
90,[0.9995132534694819, 0.4966499742216162, 0.50414269678333]
91,[0.9960588615239948, 0.5200084019812763, 0.4624841800460822]
92,[1.0026040988738927, 0.5082074594191529, 0.4856639558769618]
93,[1.002500508549115, 0.4977988654157598, 0.5051299259136341]
94,[1.0035984515388916, 0.49233576459116485, 0.5092549657947018]
95,[0.9920698204032287, 0.4873328375822798, 0.5286153800763093]
96,[1.0087948352871596, 0.4896496001510778, 0.5136289130484512]
97,[1.0101440139014888, 0.5110603539792814, 0.472784410969658]
98,[0.9985289328337432, 0.4918591308124422, 0.5141099058100376]
99,[1.0025992893306956, 0.4970688957675036, 0.5004033191590336]
100,[0.9959416457249111, 0.49440738493481984, 0.5039702630885188]
101,[0.9937002696066503, 0.5031693836581299, 0.49858767218382577]
102,[0.9962341114289287, 0.4888397200231616, 0.5227713661677656]
103,[1.0059560362655942, 0.5051939998154501, 0.4860591129433692]
104,[1.0044912539411666, 0.49469702027006324, 0.5073311471460625]
105,[1.0071486284337465, 0.49104862558623874, 0.5136279244933152]
106,[0.9975884371511288, 0.4915317660818019, 0.5121119525932318]
107,[0.9934450283864706, 0.4985507928397101, 0.5034117454071162]
108,[1.0031248169071545, 0.48287312683132694, 0.5316960558578233]
109,[1.000954612452785, 0.4876343256839503, 0.5246336222736749]
110,[0.9939083735426765, 0.49858876293990995, 0.5038838111711913]
111,[1.005285297687941, 0.5048091266642126, 0.4817910956773155]
112,[1.0055319312643083, 0.48886978434966266, 0.5191083610393539]
113,[0.9932970980173004, 0.5092983877874045, 0.4874272075497581]
114,[0.9984176512249562, 0.5097368093003448, 0.48832254156825655]
115,[1.0006646018420036, 0.4965127957166505, 0.5084883777613489]
116,[0.9959545194503987, 0.49188553287198455, 0.5171387756605712]
117,[1.0009639244735367, 0.49749795019171617, 0.5064574841114714]
118,[1.0033996646152374, 0.4948052420745455, 0.5095175416400692]
119,[0.9989703225886086, 0.4834852198162175, 0.5313906287903206]
120,[1.0000162207422272, 0.49296855953282365, 0.512380829205972]
121,[0.9964038774669751, 0.5039934333072345, 0.48842279293429397]
122,[0.998096807327063, 0.4866890471560605, 0.5194772442347041]
123,[1.003535516659352, 0.5058996102115165, 0.4853152200167986]
124,[0.9991818680252623, 0.5071958410441159, 0.48643490921790605]
125,[1.005672704774516, 0.4973800713871391, 0.5040845018710634]
126,[1.0057309091766904, 0.5026932222064427, 0.4887495473383868]
127,[1.0101940780133165, 0.488997265168657, 0.5161954722545851]
128,[1.0076383909393738, 0.49203471701380075, 0.5124420052774579]
129,[0.9925289907314199, 0.4927460927543991, 0.516468339503254]
130,[0.9937230849207409, 0.5102476717315151, 0.48761981699310586]
131,[1.00222585466234, 0.4980572561736418, 0.5001868625802808]
132,[1.006319077973004, 0.49124049528788183, 0.5137713277660559]
133,[1.0091056481511114, 0.4854986017626635, 0.5236833266695392]
134,[1.001186775568294, 0.4945641769855159, 0.5058949668846605]
135,[1.0060433834133795, 0.49475700690028424, 0.506917746587535]
136,[1.0082175340483446, 0.5081312870979879, 0.48574969682100677]
137,[0.9965979836680268, 0.48528212501991486, 0.5279793205487422]
138,[0.9984374330580191, 0.5017249544478549, 0.502008629664367]
139,[1.0045037583282643, 0.4959461537695012, 0.5042444664433634]
140,[0.9944956567316546, 0.4905577770734132, 0.513796567537084]
141,[1.0133655234420897, 0.4849422310107259, 0.5237669202190236]
142,[1.0033484904283918, 0.49983890205807935, 0.49873022796481814]
143,[1.001826256452985, 0.4878595319196191, 0.5220037288399565]
144,[0.997519341058192, 0.4987071105119573, 0.5060171551997712]
145,[0.9933644143272795, 0.5020662255239129, 0.4988861530151287]
146,[0.9961105846374981, 0.4871696806156063, 0.5259453781850107]
147,[0.9998847838212778, 0.4935473024120592, 0.5107653897375439]
148,[0.9991386473383425, 0.49836966216777095, 0.5061817434968358]
149,[0.9962038924591511, 0.5014610857593003, 0.5000293755319729]
150,[0.9991068329094561, 0.49448043601957, 0.5079779410574569]
151,[0.9945205315144399, 0.49899140480781734, 0.5063926813699375]
152,[0.9981703647955723, 0.49566990887765056, 0.5117314543447394]
153,[1.0019374770943936, 0.48110538276408055, 0.5381376660441378]
154,[1.0069921410340033, 0.49737136115234526, 0.49880422777685846]
155,[0.9911888226966065, 0.496907627973291, 0.5077452260194277]
156,[0.9992060542467057, 0.4977289096911594, 0.5027423289940245]
157,[0.9937339194921249, 0.5023907516592927, 0.49602232416119435]
158,[1.0053827945128382, 0.4907710630378613, 0.5196406537819442]
159,[1.0013366053349941, 0.5084082752195519, 0.48007374985551554]
160,[1.0058422567837906, 0.4915862853739367, 0.5140729175241419]
161,[1.0042430082865246, 0.5088064729759836, 0.483265498689268]
162,[0.9936682960213209, 0.5163963942659101, 0.4678016903444003]
163,[0.9919390520595975, 0.4975098134147004, 0.507041507956434]
164,[0.9947121645653145, 0.5062513500906611, 0.4918882317666894]
165,[0.9945436286477493, 0.4837546666157276, 0.5329803043706419]
166,[1.0056957450007118, 0.5004131131516385, 0.4975421405772749]
167,[1.0018589580845547, 0.5002366461830323, 0.5024987939022385]
168,[0.9950883752541211, 0.4953262108928689, 0.5088200776247697]
169,[0.9982521854525892, 0.49024817593484943, 0.5168630453758154]
170,[1.0089380558442256, 0.4950341919969857, 0.5082595467169976]
171,[1.0017489600634766, 0.5005842022922959, 0.49169936715148693]
172,[0.9884618219398912, 0.4974483451609354, 0.5045754494292976]
173,[1.0100669070128465, 0.4962907651680388, 0.5069028858365628]
174,[0.9985208270105594, 0.5040204243828396, 0.49227508443853535]
175,[0.9990684465391011, 0.5068836685734288, 0.4871739133365551]
176,[0.9975497965174, 0.49597395117485965, 0.5073669627500902]
177,[1.0001984526867642, 0.5014330565635885, 0.4931150712178831]
178,[1.0019405272578534, 0.49649974828565163, 0.5028024353001012]
179,[0.9928675464756206, 0.5003805118100545, 0.49881722074074225]
180,[1.0039077305771493, 0.4997675881843381, 0.49770042625711286]
181,[1.0036916754058727, 0.49578936428750375, 0.510705037062841]
182,[1.00333164798739, 0.48818594233588425, 0.5189495758591776]
183,[1.0096008934367289, 0.4858096353876364, 0.5218533300266118]
184,[1.0008359356046581, 0.5074475298033924, 0.4834084798261889]
185,[0.9930482008038458, 0.4959232603167257, 0.5025592857765234]
186,[1.0042246691819887, 0.48618677604829735, 0.5249490890688872]
187,[1.0075613610402734, 0.4945709624223794, 0.5048474656862066]
188,[0.9984687826717126, 0.49908984561519154, 0.49801928300129317]
189,[0.9940025129538788, 0.5027543548280652, 0.4943416298139528]
190,[1.0051057994441006, 0.4885561732192123, 0.522579998099271]
191,[0.9955865274226198, 0.4939626537046863, 0.5140028151269234]
192,[1.0069422079037194, 0.4904701755376183, 0.5137650889841141]
193,[0.997986425426011, 0.49736491249822024, 0.5059042055032164]
194,[0.9986986344276793, 0.4996632453905845, 0.5041605329969249]
195,[0.9971191263748856, 0.49550574344620496, 0.5074015172387774]
196,[1.002519556289659, 0.5028458086792307, 0.4982922846835364]
197,[0.9997358568294495, 0.5066980485144091, 0.4883428996348619]
198,[0.9995844422515825, 0.5065887578325089, 0.4926054317477235]
199,[0.9980793383780286, 0.4976386601628853, 0.5025513674576455]
200,[1.00240678136053, 0.49590190937504053, 0.505451887457176]
201,[1.0092184049189472, 0.4915767590978324, 0.5107125026736783]
202,[1.0020385510528347, 0.4927014437434466, 0.5124746250307801]
203,[1.0034409574414653, 0.5095557027860477, 0.48496125182208893]
204,[1.008613717808491, 0.5029592597131604, 0.49060807728387473]
205,[0.9942214834711072, 0.49747976737592076, 0.5100469600485851]
206,[0.9989812501025704, 0.5004506021379286, 0.5017841647662867]
207,[0.9972514772836608, 0.49672476685370576, 0.503220911204135]
208,[1.0025387075938201, 0.4938565483054216, 0.5077975299657905]
209,[1.0106502921748521, 0.500830905704175, 0.49356191965914714]
210,[1.0106384692236763, 0.5007074274999144, 0.4929040933007616]
211,[1.0087944223597354, 0.49672572474406135, 0.5030026883581994]
212,[1.0044924077379027, 0.48614007841247403, 0.5225315149185848]
213,[0.9956266571461548, 0.5073152134187577, 0.4877391242408293]
214,[0.9987614711761799, 0.4911346170044347, 0.5153436843134911]
215,[0.9944731794600403, 0.49558128984771177, 0.5076077701374301]
216,[1.0043242849596532, 0.49083412728379977, 0.513388964473478]
217,[0.996844295180043, 0.49433303495637254, 0.5122141561360126]
218,[1.0063990093538582, 0.49609377044384495, 0.5024123449540207]
219,[1.005114387691996, 0.5035219732505196, 0.49121498382634954]
220,[1.005061190453224, 0.49814316952787085, 0.5022077065466302]
221,[0.9992051512568174, 0.48265671314834824, 0.5404794884290655]
222,[1.0037226547814888, 0.4899402355597746, 0.5164734784148095]
223,[0.9988238344123931, 0.49071110912636917, 0.5207064291859242]
224,[1.0027455064256041, 0.48830543815399235, 0.5179247829719189]
225,[1.0032908927068591, 0.48855617473009005, 0.518273552363707]
226,[1.0028802236177998, 0.4970460849512071, 0.5068061782480174]
227,[1.009721404054743, 0.4949498233654439, 0.5071298556269023]
228,[0.9954092920457416, 0.4944404320585393, 0.5116570867345309]
229,[0.9985725152317142, 0.5088543613037063, 0.4848257649101683]
230,[1.0011391479750977, 0.5015147926495142, 0.49288592346493126]
231,[1.0008829139559634, 0.5024617870751752, 0.492241997264444]
232,[0.997529676665902, 0.4898254588145383, 0.5232016927750007]
233,[1.003239057427759, 0.4828123160707094, 0.5303888805365341]
234,[1.0033449154659644, 0.4881630731784598, 0.5221782491629126]
235,[0.9973164107381693, 0.5071769965813983, 0.4967400615737468]
236,[0.9939980586556997, 0.494976315029423, 0.510596919354589]
237,[1.0007445057226827, 0.48878222491828704, 0.5228341338736396]
238,[1.0039253579908294, 0.4929166473441042, 0.5103352554963997]
239,[0.9961900313501603, 0.49013923578158114, 0.5198540199233441]
240,[1.003287829809817, 0.4853761632418892, 0.5248898187041071]
241,[1.005921519184993, 0.5055704665282151, 0.4866369403799294]
242,[1.0015084591728662, 0.4970377676368508, 0.5037341166998927]
243,[1.0038907875731422, 0.49584021222510327, 0.5068546572586036]
244,[1.0008206405829605, 0.5048503097578284, 0.4893945649063126]
245,[1.0080737499460013, 0.5055317036800345, 0.4828358784468504]
246,[1.0055093908535677, 0.49812867845520514, 0.5003480188536025]
247,[0.9993991614641745, 0.4923740721834199, 0.5184577455061131]
248,[1.0026511896525663, 0.49942633942579995, 0.5012955931406519]
249,[0.9967079139703304, 0.4936210822503846, 0.5136215072507508]
250,[1.0026967849194357, 0.4980748183609504, 0.5015374372160254]
251,[1.0082754277571073, 0.48726350068541624, 0.5186739963264462]
252,[1.0052348988571684, 0.5216731768919721, 0.455947031404303]
253,[1.001039815060061, 0.4981305549373592, 0.5073097104938218]
254,[0.9976590003124727, 0.4996343674889837, 0.5007281729586651]
255,[0.9984843417766951, 0.5040887574693717, 0.4936904032494126]
256,[1.0022008684468005, 0.499012208579855, 0.498884563060769]
257,[0.9950664633130653, 0.4918464755974024, 0.5204798210636461]
258,[0.998844884516992, 0.4930164440030381, 0.5115454554443117]
259,[0.994660540898504, 0.4959521168636266, 0.5128612178139408]
260,[1.0004021830790233, 0.5072732498804791, 0.485225073177862]
261,[0.9996864626157103, 0.49601599658511364, 0.498721992171936]
262,[0.9987071807472878, 0.4999977940245288, 0.5012509022290743]
263,[1.0005368053307944, 0.4974190593280695, 0.5073989124117197]
264,[0.9982592133486649, 0.49284168165331127, 0.517044635965249]
265,[1.0007293890392088, 0.49519197344389054, 0.5091187944389364]
266,[1.002276090942444, 0.4870853316577343, 0.5223978879084575]
267,[1.0032303652560366, 0.49529023883484863, 0.5087384994102784]
268,[1.0038192437968907, 0.5021366142408077, 0.4954447290151298]
269,[1.0005722979301332, 0.49459493918104536, 0.509723350751225]
270,[1.0014237574996752, 0.5050413121426722, 0.4913884971736161]
271,[0.9978991849345861, 0.4840047773547067, 0.528064827230377]
272,[1.0007843829962613, 0.5087348655357292, 0.4836316948135858]
273,[1.012698584338979, 0.4939893105844671, 0.5030978936003633]
274,[1.0034708515173012, 0.49345166370912047, 0.5149567949810921]
275,[0.9995661896088683, 0.49154606044817634, 0.5160155462688555]
276,[1.001660459091588, 0.5038162188228318, 0.4946360593499259]
277,[0.9992767285184856, 0.4958796731262396, 0.508532912024257]
278,[1.00392969201426, 0.5002476097011428, 0.4962240499594125]
279,[1.0009894656720042, 0.509381224495892, 0.4807336744239446]
280,[1.0097005878585201, 0.4992250173116955, 0.49890183384433123]
281,[1.0057279616324137, 0.48178620734005395, 0.5297126944233692]
282,[0.9928239377057552, 0.48962448929267516, 0.521648831055224]
283,[0.9969919196900181, 0.49364162393708017, 0.5141329341721862]
284,[1.008085685928826, 0.4913231533152497, 0.5172271230740254]
285,[1.000201837104199, 0.5129162148637607, 0.4792199577169651]
286,[1.0009017601460812, 0.4868688175525826, 0.5231655259812042]
287,[1.0046760836203374, 0.5003226882101586, 0.5025266418868793]
288,[0.9963142529345395, 0.49774037129394955, 0.5038120303391628]
289,[1.0047359906763977, 0.49065150554721265, 0.515436449032282]
290,[1.0051202523940523, 0.49432937711187636, 0.5021809787755626]
291,[1.001349130484351, 0.4987011281638895, 0.5020762583750822]
292,[1.0030984096831794, 0.5029039379806282, 0.4876136820584356]
293,[0.9935200214593601, 0.4989402491913071, 0.5033935360020769]
294,[1.0006621027530131, 0.4913397757030646, 0.5130799100175766]
295,[1.0039412884261174, 0.47912067797190716, 0.5364111956066566]
296,[0.9991550551116177, 0.4990670198972542, 0.49982813368561296]
297,[0.9993924291883531, 0.4899601433049197, 0.5205593297542632]
298,[1.0083015883778805, 0.48443822827573546, 0.5229619231730974]
299,[1.002214644587345, 0.48315021205602565, 0.5274085530359917]
300,[1.006400481229003, 0.49250102846975835, 0.5148006820861866]
301,[1.0028826720025859, 0.48862766482538517, 0.5182361674893514]
302,[0.9978565642867155, 0.4952920722668345, 0.5039579862967124]
303,[1.0067703884788195, 0.485882388932435, 0.5251193137880094]
304,[1.0010192552880024, 0.49213959358733994, 0.5127221100475661]
305,[0.997032885805644, 0.4936746703545398, 0.5132423001395655]
306,[0.9953783362319517, 0.48455629766727515, 0.5280134165543992]
307,[1.0049815364185513, 0.4974964628554749, 0.5003972126691033]
308,[0.997934727121654, 0.49993296806333537, 0.5021630845462256]
309,[1.0023863280764438, 0.4877724244313949, 0.5186917392982023]
310,[1.0153550859570486, 0.48311464452187247, 0.5304623437010565]
311,[0.9993171114499263, 0.4916006450444395, 0.5143183013378156]
312,[0.9903370117462206, 0.5005208808468846, 0.4998474622113669]
313,[0.998362109010194, 0.49267745811986, 0.5165459648653602]
314,[1.0034264263610166, 0.4883927785195931, 0.5181642123777894]
315,[0.9983290985830348, 0.5002080166488865, 0.4995670051514973]
316,[0.9998005118223048, 0.5041046706838821, 0.4885945617330429]
317,[1.0047713548502557, 0.4976952669126418, 0.4988510837675468]
318,[0.9979827895913403, 0.5009387184453602, 0.4957276449868676]
319,[0.9953286772170541, 0.4922545253770336, 0.5170981734485051]
320,[1.0009210700127118, 0.49999731650931495, 0.49945555535834524]
321,[0.995404052125461, 0.49377256251537094, 0.5126282762195656]
322,[0.9954834626683885, 0.4902886776834408, 0.5177146515631994]
323,[1.0025633112500363, 0.49905144450228817, 0.4994213926748019]
324,[1.0067056211298653, 0.5078324500590427, 0.48519041065593077]
325,[1.003097153907334, 0.4977335012992709, 0.50491504014014]
326,[0.9983842093642076, 0.4918762229996428, 0.5179334775441918]
327,[1.0000099703418885, 0.5046120029871097, 0.49070655946532127]
328,[1.005763365626453, 0.4961578497862049, 0.49723340279631023]
329,[0.9969708633172699, 0.49539324727533113, 0.5121978784030728]
330,[1.0049226557663513, 0.49616113449827864, 0.5035858408787766]
331,[1.0083379806602164, 0.49012613918761083, 0.5154691486623849]
332,[0.9996381941782685, 0.4934168358526007, 0.5115016538794496]
333,[1.0013340777666955, 0.48687287457052675, 0.5243861019185783]
334,[1.008834066633808, 0.5033704479681087, 0.4918183591525289]
335,[1.003687923696026, 0.49715260876260553, 0.5049736081767258]
336,[0.992215116292855, 0.4829272663120601, 0.5335585124025872]
337,[1.0088862652519197, 0.49135198594173163, 0.5118514071530923]
338,[1.000702469879762, 0.4984061672793734, 0.5031073218170932]
339,[0.9991905348304109, 0.49179698492641366, 0.5155731215320415]
340,[1.0021377334651134, 0.4976646420990981, 0.5000620591366438]
341,[0.9927413845783998, 0.5068930314530068, 0.49551937038470456]
342,[0.996457660878042, 0.49172645455708713, 0.517471643580211]
343,[0.9981263950400161, 0.497796012915492, 0.5023774758619173]
344,[1.001170355498888, 0.49411483941833795, 0.5049914909101103]
345,[1.0047623861515957, 0.4964367759939063, 0.5048958482039653]
346,[1.0031728796912132, 0.4978477045330085, 0.5049297286639933]
347,[1.002744891047815, 0.5063941306279154, 0.48326901094440194]
348,[0.9928100277710005, 0.49599538560699663, 0.512010343809988]
349,[1.0005555294396524, 0.4888257242831197, 0.5152405775347639]
350,[0.9925833808297381, 0.5040055844424958, 0.49149009393155085]
351,[1.0015541510576418, 0.5031808719857752, 0.4919592664000117]
352,[1.0017591261978038, 0.48678644502115187, 0.5245828404248488]
353,[1.0004089414101507, 0.49513642645759587, 0.510864489682386]
354,[0.9942738121144672, 0.5045336510529788, 0.4937249079959747]
355,[1.0049327035194204, 0.5068847297535503, 0.48768140506559265]
356,[0.9974441104693761, 0.5059059096649623, 0.48635400642257876]
357,[1.0076187283115028, 0.48915570949458026, 0.5210559504149445]
358,[1.0003975460744041, 0.5016066300913274, 0.4990312216527469]
359,[0.9952962931351331, 0.498393703833976, 0.5055713164135123]
360,[1.0043602420156632, 0.492915491415426, 0.5067921729707718]
361,[1.001278436346757, 0.49767334222804804, 0.5030912731297884]
362,[0.99135119750705, 0.5058792695484449, 0.49170278647058924]
363,[0.9969479770519695, 0.49511382877792026, 0.5114609261433022]
364,[1.0077323442112474, 0.4999712588654142, 0.4917094506470431]
365,[1.002396312491117, 0.5045319804929549, 0.48408305083296427]
366,[1.0024541100876276, 0.5014333965265878, 0.49150368398034394]
367,[1.009123863613257, 0.4930173277111227, 0.5092649159064684]
368,[1.0037118634942384, 0.48809633945891956, 0.5167246014494984]
369,[0.9947705404688902, 0.4820589392869645, 0.5319175957537684]
370,[0.9968738662988567, 0.4919067229769277, 0.5131005117184464]
371,[0.9927087606661782, 0.4989506962886946, 0.50560465375329]
372,[1.0005888609118925, 0.5034801595355897, 0.49094943895557963]
373,[1.0121658893433192, 0.5069248801822476, 0.48516982769294936]
374,[1.0047704050545907, 0.49585479908313274, 0.5068922428142185]
375,[1.0009946519811201, 0.49526782243368017, 0.5067335584598144]
376,[0.9918510065333562, 0.4935368715643871, 0.5177502732015643]
377,[0.9999940240892872, 0.49647527142344683, 0.5021391153859416]
378,[1.0030224129393275, 0.49691616989678683, 0.5048797869257274]
379,[0.9980225975223264, 0.48552906743583535, 0.5269004013943684]
380,[1.001633855248812, 0.4961948175583079, 0.5061491362526387]
381,[1.0035250199071997, 0.4897421601127638, 0.5156357572321798]
382,[1.007369703126404, 0.48786143820816347, 0.5188222761217662]
383,[1.00671895715729, 0.4925102061241977, 0.5154906624482102]
384,[0.9920850938014235, 0.49616437116786155, 0.5100677017688608]
385,[1.0120370912302847, 0.49272408889853964, 0.5069635463116424]
386,[0.9943209327592614, 0.4876597380963035, 0.525839724307444]
387,[1.0011756198468822, 0.4952952667879552, 0.503475775733946]
388,[1.001405139761368, 0.49632688747971154, 0.5098130802423592]
389,[0.9977401552215408, 0.5019081060754995, 0.4964795546375233]
390,[0.9909522592464194, 0.5040701515428138, 0.4972843613527348]
391,[1.0083785300903079, 0.48849135058802867, 0.5177648050734031]
392,[1.0057806730290144, 0.49060552410478026, 0.5172547306577636]
393,[0.997672740677148, 0.48357851178848366, 0.533578759504963]
394,[1.0046487401965412, 0.4921240511086423, 0.512466265366958]
395,[1.0052219345036706, 0.48295632917778397, 0.5310449908762427]
396,[0.9979343410957002, 0.506670371266329, 0.48795710960059785]
397,[0.9954282895084123, 0.485494194979871, 0.5284514403445641]
398,[0.9929839155616331, 0.49941083671274383, 0.5026350257339691]
399,[1.0056523053259259, 0.49809704186693443, 0.4994874033433187]
400,[1.0040195297898407, 0.4884321255857364, 0.5169775572600888]
401,[0.994799251362996, 0.5002078174150841, 0.5007989416917699]
402,[1.0063105502386596, 0.4967283263729198, 0.5031069488042456]
403,[0.9984339925504919, 0.5092937383814251, 0.4824015929325817]
404,[1.0000080131759033, 0.5020012782004725, 0.4973886037596722]
405,[0.9962076196123152, 0.4991859816724316, 0.5002318906071448]
406,[1.0047394861000938, 0.486316519075419, 0.5256026917525727]
407,[0.9986428398314148, 0.5004349226475375, 0.4997587863211001]
408,[0.9948181101230547, 0.489820062209111, 0.5158882763129312]
409,[1.0036650378773888, 0.49990625493599516, 0.49919884428776534]
410,[1.0084607107745527, 0.49479872954707305, 0.5054514416727245]
411,[1.0056897170401091, 0.4936733102021139, 0.5033436437371025]
412,[1.0076779819782877, 0.49877236398252295, 0.5052922418891374]
413,[0.9983629329474831, 0.5031376980458965, 0.49162796951186843]
414,[0.9974396108098502, 0.4941773118283544, 0.5116236585594564]
415,[1.0022261039814657, 0.5051963579270127, 0.4852154475900892]
416,[1.004021402911473, 0.5077832534353212, 0.48439955777341914]
417,[1.0020478158648982, 0.5092664584118087, 0.48012122093366877]
418,[1.00308020314494, 0.5163291915179496, 0.4679698618366197]
419,[0.9994411420361424, 0.4952022971422821, 0.5117730351564936]
420,[1.0054547544267607, 0.49595806772303835, 0.501681310344368]
421,[1.0023596348811425, 0.5064790814320809, 0.48657543787993296]
422,[1.005018992695321, 0.49855214113696933, 0.4995563936714309]
423,[0.9988921443538543, 0.49589092329018997, 0.50742669519393]
424,[0.9998441489152172, 0.49276740805788083, 0.5131275249757968]
425,[1.0013500121423817, 0.4992530015692595, 0.49858358533563885]
426,[0.9991116624225456, 0.4985935874526649, 0.5059719717473707]
427,[1.00103400817372, 0.4860142877551054, 0.5220410604633243]
428,[1.0072437764337372, 0.4990415878562298, 0.4953029152555763]
429,[1.0104389596954455, 0.5134194444708973, 0.4703648588489937]
430,[1.0024700546229874, 0.5005694975244406, 0.49461278546154364]
431,[0.9961073698391538, 0.5021360794527859, 0.49366540698301964]
432,[0.9945669092528536, 0.4992025831970459, 0.502177098039936]
433,[1.004295037748077, 0.4964504486174952, 0.5045635980390684]
434,[0.9935050157401099, 0.5019946174564488, 0.49721068134063495]
435,[1.0070546823474773, 0.5057428694331652, 0.48516295106448365]
436,[1.0019037883729307, 0.4901267317493506, 0.5167379016829238]
437,[1.0043009388468045, 0.492294917170826, 0.5125170175034648]
438,[1.0137077435118835, 0.5055075146209591, 0.48880074209309793]
439,[0.9999658317251223, 0.5097560462369587, 0.48478464090699763]
440,[1.007880337302356, 0.5083301646206287, 0.48470567970619177]
441,[1.0100707274302545, 0.47966555842752184, 0.5305217099497781]
442,[0.998654023435551, 0.49714656923781, 0.5039833184316472]
443,[0.9991204462710057, 0.5077551999061791, 0.4833501083552628]
444,[0.9988459809725068, 0.501538419903143, 0.5024136800832334]
445,[1.0003460006439178, 0.49508610045858376, 0.5050279225845329]
446,[0.9912208029362864, 0.502578087826391, 0.49914715926033926]
447,[1.012390701521929, 0.5015728436489092, 0.4875033875303185]
448,[0.9965053909612706, 0.5057468289113134, 0.48911848361040833]
449,[1.0022271542576013, 0.49627525765583536, 0.5057322914618047]
450,[1.0081614516619508, 0.5068661339207711, 0.4816276163813491]
451,[0.9972170122853629, 0.4903989204244272, 0.5220614883907293]
452,[0.9986850159776998, 0.5006577810712901, 0.49396060262803837]
453,[0.9957900489280097, 0.499665209129702, 0.5046605288137544]
454,[1.0055628449298057, 0.5030310744493064, 0.4950494006873869]
455,[1.0089435053473357, 0.4992815358920916, 0.5004954209769958]
456,[0.9942558685363477, 0.4950036726379372, 0.5122203530730552]
457,[1.0028038853421883, 0.49830021340161257, 0.5024305967761348]
458,[0.9989465643725036, 0.5034430845364068, 0.49495040877975394]
459,[1.006626986741708, 0.47883817756011043, 0.536649363874823]
460,[1.002483309621035, 0.49130932760786666, 0.5104162874213722]
461,[1.0011928643229433, 0.49708470409538896, 0.5064358128252059]
462,[0.9911738812244977, 0.49684847648904973, 0.5092517532262936]
463,[1.0021923170574663, 0.49201925436752963, 0.5121947578752734]
464,[1.0019125471209906, 0.49766363477211084, 0.5044162475625318]
465,[0.9948573472928127, 0.496951659809355, 0.501692856389666]
466,[1.0018359110924249, 0.5076446106152424, 0.48146187426205095]
467,[1.0043820260611087, 0.49573984873308635, 0.5028866062755485]
468,[0.997657540906632, 0.4951974443564183, 0.51185760343144]
469,[0.9971178683401576, 0.5007863665893733, 0.4980103663229749]
470,[1.003385383980307, 0.48966193574791594, 0.5162337704260437]
471,[1.000954051434353, 0.49025868358238306, 0.5121214724025676]
472,[0.9959026040210359, 0.5089190867323764, 0.48797092894924504]
473,[1.0004100746537854, 0.48587180724310464, 0.5269492683661456]
474,[1.007820253372245, 0.48815264776330625, 0.5135234940322999]
475,[1.0013193119079775, 0.4936864512377721, 0.5108062309911766]
476,[1.0084757088919916, 0.5018528131592059, 0.49085411631546155]
477,[0.9980732798495282, 0.4957332453810106, 0.5089867209240688]
478,[1.0029410232004208, 0.500046914998208, 0.49466008462683875]
479,[1.004146105307258, 0.49476302514042564, 0.5120516057679225]
480,[1.0026336216709013, 0.49304537478641547, 0.5065829334636593]
481,[0.9960049053639161, 0.5099634061456891, 0.4857861994850896]
482,[0.9979675257362197, 0.4897534492577356, 0.5207156239814974]
483,[0.9968901553125648, 0.4992286732035867, 0.5035807110194]
484,[0.9987145189309791, 0.49307182380374825, 0.5181774337459027]
485,[1.0048419187466657, 0.4756358004573799, 0.5442271941290039]
486,[0.9925626878689277, 0.5006746830390923, 0.4971213373780309]
487,[1.0018756741371218, 0.5063113615754322, 0.48636103823668364]
488,[0.9999169376552323, 0.4960072317574842, 0.5071169555567507]
489,[1.0035753128756186, 0.4908737676515344, 0.5155653704906]
490,[0.9995811583116733, 0.49309777676382854, 0.5124187243391635]
491,[0.9999641820199848, 0.5011986233749113, 0.4998644760959414]
492,[1.0064539955659324, 0.5015332321932384, 0.49401217848875834]
493,[1.0013006427676272, 0.4962442009528615, 0.5036179449992699]
494,[1.001352882154378, 0.49976993361379385, 0.5037063780562705]
495,[1.0067178074029097, 0.49984405799311166, 0.49553584471974205]
496,[0.9926542959794467, 0.5017545724009509, 0.4979356675976211]
497,[1.002697717027368, 0.4916198325810553, 0.5150655302168495]
498,[1.0016840275229266, 0.4908098075739577, 0.514840665762539]
499,[0.9989658119142124, 0.5008595154376372, 0.49172621613704787]
500,[0.9995361608797931, 0.4941243513079232, 0.5101928226956232]
501,[1.0013695509071368, 0.49065493410098665, 0.5119533519471129]
502,[0.9909210548033266, 0.4960495630341241, 0.5135289214771711]
503,[1.004901294705546, 0.4987121413521867, 0.5022610266252421]
504,[0.9993112363772579, 0.5141201012817523, 0.47279093093386904]
505,[1.002407329781795, 0.5038609357805813, 0.4926210635002742]
506,[1.0015195882977266, 0.4967882391889564, 0.5056548050108378]
507,[1.0019030169721999, 0.5054665222608427, 0.4877055774480006]
508,[1.0021119964550542, 0.49806469859967567, 0.5051003280364579]
509,[0.9947922001258547, 0.4978234827017852, 0.5039003428492671]
510,[1.0060439751588697, 0.4907823742759667, 0.5148122095734424]
511,[0.9950679544291604, 0.5036203963499638, 0.4909605809174775]
512,[1.0029804987491595, 0.4974063814426956, 0.5059033679558074]
513,[1.00379131774967, 0.4937931881184283, 0.5096875280343138]
514,[0.9941807105271655, 0.49538055292142946, 0.5109789905209826]
515,[0.9977199089072973, 0.4941737053897471, 0.5111992634672825]
516,[1.0137903196395284, 0.49607244710524173, 0.505133091336944]
517,[0.9951271979331425, 0.5010188259652544, 0.5000481422132097]
518,[0.9990991658430884, 0.48601859548343423, 0.526797724467849]
519,[0.9997944360330584, 0.49543065204561476, 0.5043457845494828]
520,[0.9971763319385755, 0.5027217734362779, 0.4970940873482543]
521,[0.9969885801980641, 0.506045600386189, 0.4916753470038662]
522,[0.9971116402808541, 0.4933026367863733, 0.5140223042131699]
523,[0.9963925862033683, 0.5078144706330247, 0.48754850815062273]
524,[1.001279467526339, 0.49428597743543606, 0.5090253907441818]
525,[1.001176694002792, 0.4989259672453165, 0.5029924401287733]
526,[1.0012598883174582, 0.5003289705230058, 0.5015809308101312]
527,[0.999987530368928, 0.4883234558056034, 0.5207461062226755]
528,[1.0051168060400115, 0.48389906358569085, 0.532292885265419]
529,[1.001322342900857, 0.48826323745348393, 0.5185633679158792]
530,[1.0018991567145938, 0.49663560008059116, 0.5018336980599695]
531,[0.9946947247361625, 0.5137916949535721, 0.47450399301148316]
532,[0.997017111194994, 0.5063992598939647, 0.4893865667247945]
533,[1.0036903163027358, 0.4925120484950872, 0.5138567743687356]
534,[1.0121689082789485, 0.495955958146591, 0.5011421595816117]
535,[0.9922981165593205, 0.49869456474961243, 0.5067958543062415]
536,[1.0051704390645173, 0.4964124397859052, 0.5060473343279812]
537,[1.0007122542412135, 0.498316433681663, 0.5042029070105786]
538,[0.9973740753515665, 0.5032278881035297, 0.48886978411101073]
539,[0.995844714140732, 0.5004101714786269, 0.49988207001573376]
540,[1.002611992027956, 0.5081891910305514, 0.4827660576445063]
541,[0.9999098909999302, 0.49629445620843726, 0.5089057456695837]
542,[1.004917513599035, 0.49059177034339746, 0.5173501009353149]
543,[1.006995236737877, 0.48292767676956, 0.5276369557583921]
544,[1.0016457697277377, 0.4881598247835554, 0.5249971252769696]
545,[1.0134801509479059, 0.4891363611523038, 0.5161676688941728]
546,[1.0055447969122213, 0.4916788740475751, 0.5142777676164955]
547,[1.0035943073650357, 0.48986908577912114, 0.5149719485104616]
548,[1.0001618371618248, 0.497849431694213, 0.5049568275037587]
549,[1.001744449728004, 0.5022440173097917, 0.49365728321083385]
550,[1.0079866226291816, 0.5006216426166126, 0.5008807319038414]
551,[1.002691460683747, 0.49641654853017103, 0.5129281356864882]
552,[1.0042858178651455, 0.4933329221772301, 0.5110476561802206]
553,[1.0043431464083004, 0.4994234957570474, 0.49693539664471026]
554,[1.0007063182016231, 0.5189952593978624, 0.46406487720789824]
555,[1.0174841859641117, 0.4884997492233213, 0.5163753026599316]
556,[0.9915958794910611, 0.49304769074138094, 0.5140006112844264]
557,[1.0041070624276363, 0.4954490346036829, 0.5097552772771871]
558,[1.0041900079901913, 0.5078983899656235, 0.4860416597776431]
559,[0.9979841137057152, 0.506007887623693, 0.4870675229721222]
560,[1.013676781896142, 0.4968239820885492, 0.5040440169438686]
561,[1.0047666500399628, 0.4984039983515356, 0.5011814608241408]
562,[1.0051035385395568, 0.4866707506437594, 0.5206000948349361]
563,[1.0027001524348003, 0.49822885977986764, 0.4983176192322767]
564,[0.998577164022442, 0.49942767057013804, 0.5005005451456567]
565,[0.9944412689896941, 0.4859860861449906, 0.5261135381388444]
566,[0.9998086564904064, 0.49879562094740343, 0.5038162301194864]
567,[0.9983514051477604, 0.493469126292032, 0.5109637671121879]
568,[0.9977423339480298, 0.4941891376562748, 0.5091595915801366]
569,[1.0013689299618302, 0.4978901932523375, 0.5026683820731347]
570,[0.9948363419916613, 0.511436971309516, 0.48458463871380103]
571,[1.0007214688517712, 0.5058099076068736, 0.4909545518766294]
572,[0.9955834206892558, 0.4934994074412861, 0.513080580579008]
573,[1.0090877648491707, 0.5032892786078657, 0.49041185604825366]
574,[1.0043946494534146, 0.49554932983919786, 0.5070688771639571]
575,[1.0027022776160857, 0.4814085368805881, 0.5323375093898409]
576,[1.0045322637362413, 0.4964832220253641, 0.502066154184265]
577,[1.0028380843276452, 0.5029219677887142, 0.49347797105451113]
578,[1.008911939980095, 0.489444140093103, 0.5124515552085029]
579,[1.002936258553423, 0.4947540272751135, 0.5080572387260709]
580,[0.995975806843741, 0.4974761654402327, 0.5075904778272623]
581,[0.9933254234845674, 0.5019569002794904, 0.4981044229793106]
582,[0.9996243970217782, 0.4994606135146569, 0.5028240086837842]
583,[1.0014397228419092, 0.4902362396591343, 0.5145243714379728]
584,[1.001706768901812, 0.4904130706556967, 0.5250012665980712]
585,[0.999702151455577, 0.5035677366794491, 0.49034662717821453]
586,[1.0046380732363636, 0.49874999000079256, 0.5027796313374547]
587,[0.9964095272226404, 0.5016587570772161, 0.4998363111745574]
588,[0.9969428767863775, 0.5013381443580155, 0.4935538185374055]
589,[1.001395686428458, 0.49357713574575524, 0.5117162708038963]
590,[0.9965714749502252, 0.4956583944066107, 0.5113814666989793]
591,[0.9962671535815236, 0.49187928570691325, 0.5149113866468407]
592,[1.0058314977438818, 0.4863879109731321, 0.516096864483959]
593,[1.0016681809543506, 0.4950996882788108, 0.5073833474875041]
594,[0.9977321649744288, 0.4912230440105373, 0.5208992589776935]
595,[1.0013374592218376, 0.49324685395974505, 0.5111716107670612]
596,[0.9982675398710018, 0.4969944366268654, 0.5040994997165532]
597,[0.9919707650130908, 0.4924308931737173, 0.5140077009108216]
598,[1.0011665369678153, 0.49998618047157595, 0.4990751113017098]
599,[0.9992943119618075, 0.48486553275865957, 0.5270145246822586]
600,[0.9951160999119821, 0.5098671624110149, 0.48260661655153103]
601,[1.0082314115512796, 0.5063761090271446, 0.48537510588074206]
602,[0.9949032457605018, 0.5025290575665066, 0.4977451999863549]
603,[0.9999100017506635, 0.48541016888348715, 0.5230220116996337]
604,[0.9980829268629253, 0.4937666649801127, 0.5092814527651611]
605,[0.9989810956610703, 0.48518502890526966, 0.5249893829898569]
606,[1.0070882641204775, 0.49580977935470383, 0.5041169890800904]
607,[1.001216895301997, 0.5016167854345842, 0.49656858653307284]
608,[1.000159065383029, 0.4755865895057878, 0.542669693426545]
609,[1.0049372090792374, 0.49186753339668626, 0.5106225624590812]
610,[1.002848891448245, 0.5112648305177477, 0.4775011036358828]
611,[1.0050402649575099, 0.5077561463002656, 0.4847748176295399]
612,[1.0042353080085538, 0.4998226099709145, 0.4997387257148713]
613,[0.9921243831507579, 0.5027898479373535, 0.49717829579500844]
614,[0.9963995982628719, 0.4967432020089533, 0.5068581407761923]
615,[0.9960881053608921, 0.48718241301415594, 0.5283856453852622]
616,[0.994656371998509, 0.49271243063767806, 0.5136062748888726]
617,[0.9939707476139709, 0.5042342259592048, 0.49430820788476904]
618,[1.0004395902140102, 0.48852498100805863, 0.5259513181496956]
619,[1.0014767697262947, 0.4966453377460794, 0.5098126375464854]
620,[0.9990224973346914, 0.4964673278586115, 0.5074089277152706]
621,[0.9979632229999073, 0.49624133600070186, 0.5068781036197225]
622,[1.005325343301398, 0.48944263185451037, 0.517718491211318]
623,[1.0012694403612514, 0.50246090110508, 0.4931696369739185]
624,[0.9932628918805104, 0.4963663436397278, 0.5079250155354883]
625,[0.99407205654421, 0.4818022311587207, 0.5363028538371375]
626,[0.9992857410397613, 0.49776152394907036, 0.502646778507918]
627,[1.0044601737145387, 0.5004855225532887, 0.4994580137259069]
628,[1.0124926131444862, 0.49113068229574974, 0.515463879245223]
629,[1.0011944482013087, 0.4941047657160388, 0.5080122865772855]
630,[0.9867240123179228, 0.4949595840084844, 0.5114352109155816]
631,[1.004305299804957, 0.48943004884573027, 0.5130078974066479]
632,[0.991298077694538, 0.5035700767647422, 0.49245524169846666]
633,[0.9972375085541982, 0.49519621151553794, 0.5099988775519649]
634,[1.0092312060929396, 0.49773145935417756, 0.5031698910327763]
635,[1.0101527315424397, 0.4861090604677941, 0.5239462457658354]
636,[1.002305914742457, 0.49542892457962395, 0.5080017704009575]
637,[1.0029285696081693, 0.4998006841641045, 0.49451703299191896]
638,[1.0044832528718821, 0.4919254302753291, 0.5154171736023778]
639,[1.0024866079559902, 0.5135353215257632, 0.4730736974677905]
640,[1.0038170657762944, 0.5082403382825111, 0.48428169846484076]
641,[1.0009232333050393, 0.49323074001253325, 0.5108294442529208]
642,[1.0066317525648043, 0.5046315608316598, 0.4889059469398776]
643,[1.0032389391644783, 0.4931308853476686, 0.5158080965266014]
644,[1.0010440083225758, 0.485197475096803, 0.5249493700024159]
645,[1.0042343004714467, 0.4958956076239813, 0.5041825432733376]
646,[0.9956204350587676, 0.4965099152465582, 0.5049098035371644]
647,[0.9995167830189432, 0.5063589848773653, 0.48749785026638265]
648,[0.999063096042388, 0.4861495237629149, 0.5247967918334321]
649,[0.9967866150552829, 0.4959328307333004, 0.5120077949316717]
650,[0.9994110627521849, 0.49374168495816906, 0.5096015086963812]
651,[0.9944883467190345, 0.49407660458040353, 0.513329517981675]
652,[1.0027044329996038, 0.4948902963673377, 0.5071841864138537]
653,[1.0001606337460416, 0.503367705230118, 0.4932476788114555]
654,[1.0029936865222664, 0.4930037308693088, 0.5099459257917857]
655,[1.0021553107044558, 0.4970996329668392, 0.5008424567384118]
656,[1.0048350765651317, 0.49697859025707786, 0.5011055875252604]
657,[1.0035060400944948, 0.4901969986338633, 0.5129090268284342]
658,[0.996664790445156, 0.48710240223192797, 0.5232101892721385]
659,[1.0016002240818562, 0.48925973026582426, 0.5193336774681272]
660,[0.9940687264149279, 0.49219699519069565, 0.521794793771471]
661,[1.006483227224219, 0.4887376890924154, 0.5198492603696412]
662,[0.9962728048848105, 0.4961437906967688, 0.5041884697241851]
663,[1.0035772758062516, 0.4937370822534641, 0.507382028529425]
664,[0.9987728446749434, 0.48992012653927963, 0.5164879783560166]
665,[1.0034545777382162, 0.5111006453370318, 0.47756642237590025]
666,[1.0064280116352062, 0.4978242162388077, 0.5046121447345449]
667,[1.000035057143507, 0.5004078133348222, 0.49715766639856207]
668,[0.9993062781558956, 0.5053106584792926, 0.4882480795547837]
669,[0.9921467250982852, 0.4951421605584336, 0.5075455724431944]
670,[0.9992425016893657, 0.5048167673566067, 0.49271705460921283]
671,[1.0038604447652284, 0.49908022809596575, 0.49877622066566446]
672,[0.9967493260717368, 0.5057966112200029, 0.489596138765677]
673,[1.0118976735041634, 0.49733504288846636, 0.4953717367273958]
674,[1.003502324363272, 0.4881033415114112, 0.5204334676059809]
675,[1.0028659403698548, 0.490115582978592, 0.5159797300668776]
676,[1.0062870076250638, 0.48815912753798485, 0.5183151288132236]
677,[0.9997283629466126, 0.49256844071112565, 0.518601717351838]
678,[0.9992922764146317, 0.5074602391694417, 0.48572989231984115]
679,[1.0081132125718857, 0.5086267665631324, 0.4791811804070087]
680,[0.9968890753214291, 0.48676058225174323, 0.52161962808992]
681,[1.0094582799265706, 0.49860697308377144, 0.4980688118263332]
682,[1.0044515909054177, 0.48268039884056924, 0.5317432450519012]
683,[0.9917680302461683, 0.49108831722892776, 0.5146485765547579]
684,[0.9946050387495496, 0.4950890842936735, 0.508928326026651]
685,[1.0053074652966447, 0.5025182440015407, 0.49512114520790856]
686,[1.0039655718155487, 0.4987438161169094, 0.499518295625154]
687,[1.003072400458878, 0.48761119843685974, 0.5173840756447536]
688,[0.9974066046621424, 0.5124768416494223, 0.4787129144166288]
689,[0.9944679778067352, 0.5063123337245671, 0.49501835312521686]
690,[1.003708657177722, 0.4847769897878146, 0.5261097791846887]
691,[1.005136998523356, 0.4980036238643426, 0.49674652988179857]
692,[1.003233846357312, 0.4751013462179939, 0.5418115220062365]
693,[1.0012510508511983, 0.4958708317676128, 0.5050100166020433]
694,[1.0035448180979127, 0.49968951386586763, 0.501914026160576]
695,[1.0040955232537487, 0.4896617381026527, 0.5191513198770838]
696,[0.996926450024415, 0.48411809005473133, 0.5346485153767226]
697,[1.0006334985706566, 0.4962719184391263, 0.5051302724136263]
698,[1.0031070915427078, 0.4955831958192177, 0.5063219308235026]
699,[1.0064387560928927, 0.49024861381248713, 0.5137101390853656]
700,[0.9945348915566647, 0.49519364792919884, 0.5041410487538892]
701,[1.003916351716987, 0.5003647839580037, 0.4971052879494236]
702,[1.0047897032688446, 0.4959266511632825, 0.5070199481783509]
703,[1.0036844651619492, 0.4950014389338089, 0.5090142377197994]
704,[1.002169107141557, 0.48658304515080913, 0.5209097684107074]
705,[1.0137634035222043, 0.510360831589404, 0.4723789311707178]
706,[1.0020994590662091, 0.4946451575205237, 0.5089185094623472]
707,[1.0101351959320062, 0.4880929452259591, 0.5186302554368862]
708,[0.997379349954209, 0.49686672075260396, 0.5053068390473617]
709,[0.9937222215769878, 0.5030147650334672, 0.4950696598666932]
710,[0.9914463143121479, 0.49979755916613444, 0.4974391460261567]
711,[1.003556929921263, 0.5087467754244219, 0.4800407115640153]
712,[0.9995280323151795, 0.4920870792396687, 0.5147966602373407]
713,[1.000256479278654, 0.5019192931965817, 0.4978586036374221]
714,[0.9954542924574545, 0.49624079218168216, 0.5076470564196465]
715,[0.9991319918724286, 0.501073056698335, 0.4996485517381553]
716,[1.003904811414313, 0.4949938959528154, 0.5030959007529011]
717,[0.9981930925713196, 0.5017058979839751, 0.5001458512235103]
718,[1.003016918149561, 0.4797370281698252, 0.537664303595459]
719,[1.0002712795771371, 0.49623875890687, 0.5062025677392871]
720,[0.9963519538106637, 0.49171493874682914, 0.5125675379633177]
721,[1.003065008615032, 0.4953533456628056, 0.5049245743459008]
722,[0.9987647257773722, 0.5082220092522056, 0.483143607970526]
723,[0.9992426112279904, 0.4880623150703684, 0.523907704853959]
724,[0.9981125333745535, 0.5052595822239416, 0.4912432281109626]
725,[0.9976418668591407, 0.5025796903344045, 0.49471358090210515]
726,[0.9982255978635234, 0.5034848511924983, 0.4933348955929129]
727,[0.9875137978795471, 0.5112273867507878, 0.48698607683010803]
728,[1.0061032428387395, 0.4916939215675834, 0.5141275517011469]
729,[1.00229906385257, 0.4919758352979818, 0.513027919670392]
730,[1.0067351986630029, 0.4953422156510699, 0.5041697287673644]
731,[1.0089284308847293, 0.49357897268878237, 0.5082196063106388]
732,[0.9992467088880673, 0.49426654849982493, 0.5097701317420005]
733,[1.0006811199511778, 0.49788883455851646, 0.5035029909223703]
734,[1.0027304879557668, 0.5078113208672779, 0.48800201083199085]
735,[0.9980176981156598, 0.4941845491889823, 0.5116592130332803]
736,[1.0037307354749512, 0.49178465824153134, 0.5135338005082185]
737,[1.0017646183924775, 0.48742396426204615, 0.5209030325342903]
738,[0.9991521910527218, 0.5090646140926897, 0.48422459339304186]
739,[0.9991492301874777, 0.4905565330983146, 0.5152771292165531]
740,[0.9944654953075015, 0.49604076298619526, 0.5094142780082167]
741,[1.0037182631880153, 0.48774547882878855, 0.5179315177826957]
742,[1.0002287802601475, 0.4970203628252628, 0.5001962808041036]
743,[1.0036831587626336, 0.4976650951201317, 0.5039886631297325]
744,[1.0017737296108287, 0.49384213498768265, 0.5109836469036634]
745,[1.0005572345313023, 0.4983152757237728, 0.5005208945905932]
746,[1.0022293311662311, 0.505592148676497, 0.48704582554159753]
747,[1.004461876746857, 0.501435553720442, 0.49976387364113406]
748,[1.0015368896266261, 0.49057890363676754, 0.519788151388763]
749,[1.0029131626743735, 0.49753400366308304, 0.5042452653105716]
750,[1.0051713136736056, 0.5009180009008886, 0.49064417259359405]
751,[0.995015785575529, 0.48882491301986764, 0.5242184120342395]
752,[0.9986310838439457, 0.5114463086242792, 0.47883695117393976]
753,[1.0000079633655738, 0.4917106902393549, 0.5156012783505064]
754,[1.006562247104651, 0.5055568222832932, 0.48663145367262484]
755,[1.0059584790983425, 0.49688217528577167, 0.5050042498823113]
756,[1.0013838547649596, 0.4965355501002683, 0.5035726725447924]
757,[1.005377701182447, 0.49524901854663406, 0.5052313853538628]
758,[1.0038218773472403, 0.501571724139942, 0.4972447070105086]
759,[1.000880380924092, 0.5031181704603211, 0.4930755685443957]
760,[1.0045932627025749, 0.502664766212732, 0.4962551130175769]
761,[0.999408704310101, 0.49351898453846615, 0.5076691102919533]
762,[1.0055416936372799, 0.4952337607741591, 0.5051049012715672]
763,[0.9996596980324965, 0.5014531610266193, 0.4938815261709288]
764,[1.0026424100188318, 0.49521932613432995, 0.5096080170770109]
765,[1.0001923194642144, 0.48912159863544047, 0.5203875314733238]
766,[1.0063107084578427, 0.5016155835179845, 0.490505832706769]
767,[1.0068881910439949, 0.5090872306584135, 0.48179660368301297]
768,[1.006157226549307, 0.49735278081604284, 0.5032125505878576]
769,[0.9966556931223989, 0.5019977177802192, 0.4951141188544924]
770,[1.001853412190646, 0.5011544561824394, 0.4979309560852708]
771,[1.0007775885622627, 0.4945383697958363, 0.5127781882078725]
772,[1.0017927143079262, 0.5168124312461244, 0.46781473159224535]
773,[0.9965084304956024, 0.4905348419439981, 0.5151815253636144]
774,[0.9960004092744545, 0.5011405498571644, 0.49705557557645086]
775,[0.9979379035915522, 0.5095744709960669, 0.482444430551753]
776,[1.0048758196022964, 0.4881276682129119, 0.5210643709210752]
777,[1.0038221115859276, 0.4983137855615719, 0.5027341233685911]
778,[1.0044182009575255, 0.49050433421543355, 0.5142395465702588]
779,[1.0111027769956373, 0.4804509976179924, 0.5327283753545876]
780,[1.002253651606544, 0.49653391844938427, 0.5053482930508719]
781,[0.9911489118894299, 0.500374849281056, 0.5009010698127913]
782,[1.0017419824407816, 0.5023398837602315, 0.49254075132140784]
783,[0.9962326925452781, 0.5126161218510213, 0.4785736973571514]
784,[1.005532212231109, 0.4903732454556858, 0.5097299891700564]
785,[1.0000106534200792, 0.503767971195699, 0.48525083949655085]
786,[1.000415287324928, 0.5076125528908385, 0.48727880060977624]
787,[1.001966698815926, 0.5026747089773037, 0.4937945322400063]
788,[1.0029178695890208, 0.5118843435994321, 0.47804891563058993]
789,[0.9979448590747279, 0.4926116164951717, 0.518247489455465]
790,[1.0067660489512678, 0.5029725143414341, 0.48507686379087467]
791,[0.9967081315807843, 0.49142765281629647, 0.5113059230473832]
792,[1.0035825511289964, 0.49647669852602805, 0.5066715772492648]
793,[1.0057131305387135, 0.4896305029405835, 0.518094098150016]
794,[0.9945759724643612, 0.4983704977198531, 0.5097948193071018]
795,[1.008854229742398, 0.49054741211862235, 0.5172927625032292]
796,[1.0023687127104006, 0.49538652727924937, 0.5005938293679215]
797,[1.002515007377795, 0.48680633327420764, 0.521855055367557]
798,[1.005632653213081, 0.5089652407515024, 0.4762920257598089]
799,[1.0014570877267936, 0.49976278302289784, 0.4945496141129416]
800,[1.0071086212497156, 0.4992550590133061, 0.4983423504567029]
801,[0.9999761637635389, 0.494225617789525, 0.5124422794362147]
802,[1.0111625197417067, 0.4947639813521406, 0.5036963496909804]
803,[0.9889280645403707, 0.49904565043494203, 0.5051597946426106]
804,[1.0041068392909323, 0.48845455970375884, 0.5192543702501067]
805,[1.0050150222300942, 0.49183448467670876, 0.5144372413340123]
806,[1.0045476848100132, 0.5078054743390561, 0.48094021105686385]
807,[0.997813195762715, 0.4956836576833954, 0.5108810960829728]
808,[1.0023932806890152, 0.5036946661862386, 0.49108075875433926]
809,[1.015690555517307, 0.5011095826922798, 0.49229855637440784]
810,[1.003391968442277, 0.4927067676754422, 0.5126751155175433]
811,[1.0023639388101349, 0.4792294416344171, 0.5378234482163615]
812,[0.9910747571067134, 0.48871390981416074, 0.5207053848037204]
813,[1.002270302523725, 0.4867673472492126, 0.5215115539408729]
814,[1.0044352682250106, 0.5001945383471527, 0.4917955679025773]
815,[1.0002957404971733, 0.4928733634219991, 0.514075102569767]
816,[1.003166109707158, 0.48820213664159234, 0.5195659188032241]
817,[0.9976836813292868, 0.49593410521496123, 0.5095718391089132]
818,[1.0077651609503773, 0.4982990600008646, 0.49979793165651937]
819,[0.9996343125901628, 0.503673246714675, 0.4916767870542149]
820,[1.000517618785855, 0.5104937007375564, 0.47730759357763863]
821,[1.0073048713201909, 0.48395728180623865, 0.5299069272029105]
822,[1.004311634758184, 0.4982241899746533, 0.5045330046023908]
823,[0.9991124511436646, 0.49791531761549485, 0.49822023272872507]
824,[1.000749041746537, 0.5105521810726065, 0.48014901837359303]
825,[1.004599942650245, 0.5037051419018862, 0.4927310062017846]
826,[1.0127957744692404, 0.5095241429190412, 0.4790385053977637]
827,[1.0065645362943603, 0.501350467217515, 0.4919725484207558]
828,[1.011075851824674, 0.49475104733818903, 0.5059439195462312]
829,[1.0085358839082237, 0.49827890302126376, 0.4986857529943948]
830,[0.9879280955088616, 0.499416728735544, 0.5051247928641494]
831,[0.999903896912114, 0.4913527437082647, 0.5147911099577616]
832,[0.999647050542148, 0.49338751978192946, 0.5112006947843383]
833,[1.0022513081676585, 0.5010676257803939, 0.4940587285158221]
834,[0.996537153793677, 0.49218349589802357, 0.5103683176937279]
835,[1.0041655846672868, 0.5098936278223533, 0.47891281561984167]
836,[0.9968403781309675, 0.49777207077565355, 0.5015824848277015]
837,[1.0054290218043134, 0.49164583161648556, 0.5101009306257387]
838,[0.9952997406784375, 0.490096594452514, 0.5135211225017023]
839,[0.9968953038975085, 0.5113666867233787, 0.47862730530594755]
840,[1.001094930652571, 0.5145368989326549, 0.47720508498220426]
841,[1.0014589407805763, 0.502077285273569, 0.49408895709909245]
842,[0.999569546685379, 0.49309659613132395, 0.5144565012170664]
843,[1.0057197047258337, 0.49341575866335424, 0.5095487690114269]
844,[0.9994654423455348, 0.5015286474730294, 0.4929901469801891]
845,[1.0027265408610122, 0.5072605518027399, 0.4829180618399855]
846,[1.0015379277798784, 0.4967156206330099, 0.5054102903673049]
847,[1.0105993492768257, 0.49990544691718786, 0.4985761760197201]
848,[0.9992831684977672, 0.4993645026607671, 0.5019080166715754]
849,[1.0062886262423283, 0.47955923774018344, 0.5354325894027202]
850,[0.9996058167353377, 0.49575289627322033, 0.5042035062757177]
851,[1.0005181653166186, 0.5074525180964307, 0.4814435615298577]
852,[0.9951659578507924, 0.5075062740659139, 0.48366509028367843]
853,[0.9956762314531518, 0.4881022798035387, 0.5242162765469107]
854,[1.002598218732773, 0.4985062515428447, 0.5047399449754735]
855,[1.0008287475531796, 0.4974390390079399, 0.5009252464109554]
856,[1.0067137539621205, 0.5024954339689676, 0.4896604357810794]
857,[1.0027886823897065, 0.4924988152932718, 0.5153296134067324]
858,[0.9959149691692532, 0.4974351892341945, 0.5045301838536838]
859,[0.9946798313383111, 0.49199953067831664, 0.5129291003443273]
860,[0.9991957910270303, 0.49193383767367116, 0.5108995888839323]
861,[0.9970232402049954, 0.4960363639979416, 0.5110770779996073]
862,[1.0063335684135837, 0.4871233926975552, 0.5189312113163618]
863,[1.0008098034910948, 0.5009492109517895, 0.4950510779928282]
864,[1.0022276346163093, 0.4893772572428209, 0.5141016562241347]
865,[0.9990839262264595, 0.49746119691565793, 0.5057046959733018]
866,[0.993765607697177, 0.5156305714201539, 0.47091548396404026]
867,[0.9946791396755059, 0.494211022053353, 0.5111183421973674]
868,[1.0086404467253876, 0.4979613497380551, 0.5035685853399284]
869,[1.005086182429568, 0.4890976951455073, 0.5167284723727963]
870,[1.001666368365002, 0.48994171682704973, 0.5177026960285419]
871,[0.9976360203288729, 0.4853121353126763, 0.526234543194379]
872,[0.9960087831241868, 0.4986838718389319, 0.5026158476031162]
873,[1.006987994161252, 0.48551259666266444, 0.5205503732092743]
874,[0.9918785677248911, 0.5030126811882947, 0.49910309278924]
875,[0.996949336269067, 0.5145423852166627, 0.46787289778019286]
876,[1.007792581570389, 0.4991665296637788, 0.5003655757942234]
877,[1.0023054110530982, 0.5037495810447222, 0.48974736125075036]
878,[1.0137875885751308, 0.48437154585004955, 0.5258526374656861]
879,[1.0043354592984783, 0.4948698164958593, 0.5057710616066099]
880,[0.9976604341482638, 0.49928967004547425, 0.5054335232627871]
881,[0.9960019966066368, 0.5040812994223569, 0.49754778054139964]
882,[1.0052950911092888, 0.484686290227976, 0.5210165925175403]
883,[0.9995851868277482, 0.5009764771735266, 0.49898065210942044]
884,[1.004824321083694, 0.4956587325633367, 0.5063694546559464]
885,[1.0024304366544716, 0.4890294751669272, 0.5212229577768465]
886,[1.0015166877543704, 0.5046147522128501, 0.4920244475486212]
887,[0.9989345466776646, 0.509621754829689, 0.4812552366801446]
888,[1.0011639025313985, 0.5052724761168884, 0.4893601361578826]
889,[0.9974949882886556, 0.5052217094868551, 0.4887575689290548]
890,[1.0087361492809408, 0.49578613075863187, 0.5085186555111645]
891,[1.0047333808458598, 0.48512299150158467, 0.5246690661953761]
892,[1.002457231877242, 0.49160202208403375, 0.5143069927893724]
893,[1.0087119323168876, 0.49366456896195815, 0.5109076717617329]
894,[0.9911709727394759, 0.5049008989121766, 0.4931719216490339]
895,[1.004584851678768, 0.49220945031140245, 0.5135890042350343]
896,[0.9980651189635873, 0.49130340944953005, 0.5137954521727013]
897,[1.0049178502945595, 0.49043706536918946, 0.5160607292110664]
898,[0.9934406834984703, 0.4903915586858622, 0.5204963943630735]
899,[1.0010323138310804, 0.49511459826774085, 0.5096249049711711]
900,[1.0057723307171689, 0.5093493486640377, 0.47878296471300563]
901,[0.9993093137555806, 0.5030708706291864, 0.4951622176506151]
902,[1.0003242198696045, 0.4832240391567568, 0.5284232568236549]
903,[1.0005658169116236, 0.48769972206473805, 0.5251207211735797]
904,[1.0045322753528956, 0.5065342444823119, 0.48383175891372787]
905,[0.9993719006038199, 0.5000932062313761, 0.5009004241065709]
906,[1.0062323196407186, 0.4898683535754594, 0.5182882402730726]
907,[1.0015615302829304, 0.48801555114710515, 0.5194220199083601]
908,[1.005083422870771, 0.5035513977139311, 0.4916530209306652]
909,[0.9917859775792167, 0.5010456936491543, 0.5029060006164435]
910,[1.0068779205018048, 0.49225252374286016, 0.5111967735031643]
911,[1.0110922990631648, 0.4969741991639858, 0.5001570518424652]
912,[1.0056410892736063, 0.49052702880846466, 0.5203172848143236]
913,[0.9948586805064585, 0.5046456670766635, 0.49054938886971605]
914,[1.003720082426826, 0.49735632454010764, 0.5028855160280741]
915,[1.0011059393953932, 0.49324783658172316, 0.5149769041744009]
916,[0.9987951168557305, 0.5106682930532814, 0.48049648822201757]
917,[0.9969301071339968, 0.4952748333255429, 0.5079135581166653]
918,[1.0064720171577612, 0.5031115659513791, 0.48994557021897883]
919,[0.9998812778910726, 0.5043121815096868, 0.4881579852840515]
920,[0.9961139630924926, 0.5026534894069717, 0.5033171723246344]
921,[0.9931772183709084, 0.5108555527852062, 0.47807151415595067]
922,[0.996032560444178, 0.49917603248370135, 0.5031960620974801]
923,[0.9951969794383762, 0.49873729784173826, 0.5033140713287717]
924,[1.0075559076109664, 0.49651875079640745, 0.50584193837233]
925,[0.9940211873757262, 0.49115047542603596, 0.5221852917315774]
926,[1.0028057922144662, 0.49094281605592094, 0.510641904895489]
927,[1.0029897456946366, 0.49648796894712377, 0.5029031325962653]
928,[1.0099484429027075, 0.5013228059375053, 0.49554569949822325]
929,[0.9996553873757913, 0.49844517158618556, 0.5035345056309845]
930,[1.0009113755497474, 0.4967980121870264, 0.5017749683825194]
931,[1.0018325786521556, 0.4942370174348129, 0.5074604188750005]
932,[0.9979321367985284, 0.5014560060873647, 0.49713676246919963]
933,[1.0042427711919677, 0.4931222067342965, 0.5101567052640398]
934,[1.0064075319159373, 0.4991175022349453, 0.4991939116047173]
935,[1.0031469018058525, 0.5077801889948304, 0.48129164545184744]
936,[1.0036280492351362, 0.49533191630172896, 0.5069721004493501]
937,[0.9983709820496873, 0.5015392875155498, 0.48902894090692445]
938,[0.9938481319503153, 0.5089717998998479, 0.4885121106147203]
939,[0.9964247569460867, 0.5050438885485231, 0.49205446409613146]
940,[0.9968861093630886, 0.5006840841123457, 0.4975779993663939]
941,[1.0018875143861663, 0.5000228197306416, 0.500156733716391]
942,[1.0087417935836485, 0.4991151265197954, 0.49603902921673276]
943,[0.9961470373651434, 0.49243352768331305, 0.5151706218492554]
944,[0.9946823326658899, 0.49738284165879126, 0.5048044065492502]
945,[1.0037658126733702, 0.5122721035544019, 0.4791918145957237]
946,[0.9972219037412711, 0.5070016157671206, 0.48879910888869005]
947,[0.9979875476608411, 0.5003050886156897, 0.5023833323617555]
948,[0.9995714554293597, 0.5034534692108034, 0.4953944881499213]
949,[0.9957209469821019, 0.5065628704287077, 0.49497494577199186]
950,[1.0017009128550114, 0.48774811446813965, 0.5208015320150625]
951,[1.0151905703792745, 0.4949260946997273, 0.5020139178496779]
952,[1.003102233609151, 0.5024043236073731, 0.4925061591258666]
953,[1.0038863657153176, 0.4861198295649131, 0.5247509257732741]
954,[1.008548762380826, 0.5022530160612901, 0.491146617985697]
955,[1.003548710855511, 0.492441955254536, 0.5116822274891193]
956,[0.9976236193504554, 0.4951475232335157, 0.5080902644526216]
957,[1.0118957392677483, 0.5062685848053274, 0.48475541604529904]
958,[0.999392638923565, 0.4956879581204593, 0.5037591518626628]
959,[1.003822325405838, 0.5036056817450485, 0.4877027938655196]
960,[0.9912372352575495, 0.49937360527441965, 0.5033484478163737]
961,[1.0105279866250338, 0.5010425653907286, 0.4889857508286248]
962,[0.9986471173091938, 0.5058446391671158, 0.4917414976669954]
963,[1.0005793428189789, 0.49220379550581966, 0.5138725935409256]
964,[1.0017368795635553, 0.4858012588015812, 0.5234071868513405]
965,[1.0027444727742516, 0.4971844500662308, 0.5046458531244414]
966,[1.0098733435106741, 0.4964407572933601, 0.5033506667076859]
967,[0.991225178829367, 0.4953519945184046, 0.5103865935083589]
968,[1.0038422333062964, 0.4961977229745807, 0.5052476324958686]
969,[1.0083097970417856, 0.5004609812974925, 0.4942579170467104]
970,[0.9956162641707, 0.4972418978712606, 0.5084697097557171]
971,[0.991294741320748, 0.5058811865425504, 0.49120345121631304]
972,[0.9952855516980338, 0.50714847769103, 0.4896371038640218]
973,[1.0036786291725333, 0.4884307900537295, 0.5180641752415404]
974,[1.0053609668312709, 0.504773188245129, 0.4882144385382446]
975,[0.997217123449773, 0.4942099218642853, 0.5110256128784734]
976,[0.999960784002543, 0.48737406852633947, 0.5217550077205872]
977,[0.9982980632689866, 0.5074084576010572, 0.49025840615168653]
978,[1.0005259244640872, 0.49770878013691683, 0.5020180934683761]
979,[1.0014434591241919, 0.4986889463953607, 0.49949283382667004]
980,[0.9985455895752943, 0.5004101140492114, 0.5020972275890544]
981,[0.9979833064291492, 0.5010383128605014, 0.501491749168936]
982,[1.009602901688211, 0.4820062608070286, 0.5300281770941303]
983,[1.0014183996484072, 0.49758111983786985, 0.5027380864957557]
984,[1.0031104097464973, 0.4836018535060088, 0.5268977827474034]
985,[1.0007880886320237, 0.504465196075712, 0.49048675026428573]
986,[1.0012584483779663, 0.4854604954202508, 0.5276044435718394]
987,[1.003310969279744, 0.4986656466508154, 0.4989612113165163]
988,[1.005473469827677, 0.5040546804952126, 0.49541259688780726]
989,[1.0016956884780643, 0.4872451011144953, 0.5222087654988299]
990,[0.9973683159433214, 0.4966276552545443, 0.5046891103746036]
991,[1.005034436757691, 0.4914316637842493, 0.512800343030988]
992,[0.9954310267979534, 0.49715338546648735, 0.5039146045516862]
993,[1.0077126570335841, 0.5011824927337919, 0.49791437839085645]
994,[1.0083347471663058, 0.489731820894073, 0.519496195808129]
995,[1.0046132636702605, 0.4961594275782773, 0.5049577885953614]
996,[0.9952964226021349, 0.5054401985062067, 0.4887372837927689]
997,[0.9875631435040403, 0.4967471232088714, 0.5117959549929074]
998,[1.0073360970398206, 0.5099307603931551, 0.4771189193317817]
999,[0.9951657990886644, 0.4983070474746353, 0.5048877504194779]