
0,[0.8216248474449469, 0.3273940342788823, 0.9312838290588465]
1,[0.8271957018210571, 0.3297448038147714, 0.93145836094425]
2,[0.7991565171398027, 0.3411482810077843, 0.923830150438466]
3,[0.8162543483600796, 0.3344984966200527, 0.9226981106404464]
4,[0.8175728377933333, 0.3337882201333318, 0.9264404423566515]
5,[0.8269004779278016, 0.3292123034807837, 0.928440453719104]
6,[0.8348680646834782, 0.3226642732071173, 0.9331722040876084]
7,[0.8097422745850191, 0.345069972882631, 0.9164338041066552]
8,[0.8259764031931772, 0.32627838290890365, 0.9335105206646324]
9,[0.8250058460278876, 0.3382679780631825, 0.9196029412024265]
10,[0.8374801390906296, 0.33607850705556974, 0.9151116839089982]
11,[0.8196182843319926, 0.32511705949999103, 0.9395980423672818]
12,[0.8273102887567619, 0.3278818321077449, 0.9295377290814568]
13,[0.826140567903937, 0.32801215062323963, 0.9305800161149006]
14,[0.8207720626664478, 0.3347898658060649, 0.9227444226936623]
15,[0.8266950458766334, 0.3328862508292792, 0.9224527236195328]
16,[0.819717995604547, 0.3373527515154825, 0.9227154924211042]
17,[0.8179684466142673, 0.3347187704959216, 0.9206790761463608]
18,[0.8228822902377735, 0.33383473638521965, 0.9298663199148055]
19,[0.8451909672449093, 0.31938704437044874, 0.9361031083304956]
20,[0.825261451149228, 0.330567822311251, 0.9299896970799476]
21,[0.811780884651933, 0.33053037831097265, 0.9308468446754455]
22,[0.832062187203897, 0.3180587272889485, 0.9417931958379806]
23,[0.8274512232228611, 0.3300182434241247, 0.9228978569459918]
24,[0.836969378529887, 0.3257803688572234, 0.9336350203052421]
25,[0.8267012793540125, 0.3354665417734376, 0.9235770743280115]
26,[0.8125061104563488, 0.33514539563024853, 0.9295603247927687]
27,[0.8043442438865969, 0.35533920571310845, 0.9048029290243907]
28,[0.8321355205476298, 0.3355964218792282, 0.913029730079636]
29,[0.8181844211052578, 0.3380665841361417, 0.9230407706986673]
30,[0.8261693277236246, 0.33234637669890704, 0.9282643564396924]
31,[0.8438340880959877, 0.3245436829477378, 0.9287474314858609]
32,[0.8214470864908412, 0.3346958549683398, 0.9242245039159281]
33,[0.8224837953511993, 0.3246394472754779, 0.9382212332216288]
34,[0.827869043037194, 0.32346079567415353, 0.9378572717323533]
35,[0.8302952004274733, 0.31633527462796307, 0.9417653851768573]
36,[0.8249397543393975, 0.31299172226939687, 0.9507115491950872]
37,[0.8108339297515329, 0.3371954284193515, 0.9230759009490467]
38,[0.8410951180384338, 0.3269744858051301, 0.9264554181851381]
39,[0.8286610804172458, 0.31949756732534496, 0.9447563752004396]
40,[0.8445230008442647, 0.31758925785151976, 0.9385742234146226]
41,[0.8318586491876289, 0.3212849610234277, 0.9413021083242882]
42,[0.8220484484266878, 0.3297792316558198, 0.929643663579438]
43,[0.828101559055563, 0.3316667123606359, 0.9242879809901966]
44,[0.8387402911385184, 0.3168409946116208, 0.9403683337815849]
45,[0.8237635349555738, 0.33181699536166, 0.9246698621095938]
46,[0.8332895556128365, 0.33006532117035864, 0.9263745393355647]
47,[0.831583702773384, 0.3353887269018542, 0.921622559281439]
48,[0.8171809559316271, 0.3285647960878471, 0.9358448123408818]
49,[0.826801422247427, 0.3384386180014872, 0.9211517456502776]
50,[0.8331134616529284, 0.3241570805797439, 0.9348245629161284]
51,[0.8135228295379116, 0.33062279917399284, 0.9304788011421931]
52,[0.8097570198379486, 0.3352279860226818, 0.922025353922901]
53,[0.8180672833573474, 0.32890310183191307, 0.9283568728943514]
54,[0.8269479846167334, 0.3432315368975554, 0.9131776256164057]
55,[0.8281381853497446, 0.33294036962672996, 0.9273884392408798]
56,[0.8317771921598539, 0.3202582932170917, 0.9411849381876621]
57,[0.8122554567371809, 0.3379179938980578, 0.9267725171214276]
58,[0.8171043463526652, 0.3369366047340342, 0.9280493059311125]
59,[0.8225729659752744, 0.33988682954420374, 0.9160449470630909]
60,[0.8292052795283622, 0.3263997911945485, 0.9337862129651179]
61,[0.8174317310143177, 0.33445454354046766, 0.9253791121049447]
62,[0.8210605330132948, 0.33189944172320185, 0.9254894985243256]
63,[0.8239909257371261, 0.33324567802353894, 0.9225534939033361]
64,[0.8322085206407009, 0.3236762959264929, 0.9333973459210562]
65,[0.8083941567605962, 0.3428015587703367, 0.9194311146004226]
66,[0.8230462889255105, 0.3258142285968153, 0.9391938871060973]
67,[0.8090698548698771, 0.34908617054347985, 0.9122064948677634]
68,[0.8255212650016303, 0.32672472390483875, 0.9336021681366989]
69,[0.8393500573372883, 0.3105571444625208, 0.9470878248543155]
70,[0.8277526532692476, 0.32822199700764837, 0.9354692589222398]
71,[0.8399718426471083, 0.3168882037807959, 0.9431333013532182]
72,[0.8145614606902797, 0.33835795244791744, 0.921584359085383]
73,[0.835165585490428, 0.32492005761106685, 0.9292498756428874]
74,[0.8245541977380809, 0.3316054409749306, 0.9209298417233012]
75,[0.8328630347264198, 0.32451664391304336, 0.9350115133996438]
76,[0.8212400812744257, 0.33227070793805913, 0.9269112450692853]
77,[0.8275694804762177, 0.3398912916330469, 0.9127822227506792]
78,[0.8172100656942658, 0.3305322541658603, 0.9326775182038107]
79,[0.828914162459933, 0.3318583520493531, 0.9270113440796244]
80,[0.8181737534403877, 0.3287342692307731, 0.9284838411506429]
81,[0.8418141432463654, 0.3257484418689701, 0.9274202195026762]
82,[0.8036939508178735, 0.33667878734274315, 0.9263028694773869]
83,[0.8216514642412172, 0.3416607935551802, 0.9119363895583608]
84,[0.8253624503309673, 0.33521967932538005, 0.9223222445081656]
85,[0.8312576469899906, 0.32002630065393756, 0.9421555650418126]
86,[0.8290864750301896, 0.3240045574170251, 0.9325237090953077]
87,[0.8254166766346998, 0.33512589050452, 0.9203130507849656]
88,[0.8241596632923388, 0.32850280472524734, 0.9284556159362797]
89,[0.8211977448791209, 0.3284768862583654, 0.9310071574767699]
90,[0.7977770917527959, 0.3467716684444914, 0.9125819611364032]
91,[0.8150892159971073, 0.3396074219473221, 0.9195845277055589]
92,[0.8138722753612848, 0.33926938730192724, 0.9207848679463244]
93,[0.8205360890285155, 0.3279127958952095, 0.9375820011847492]
94,[0.8446801133134062, 0.3198441131666692, 0.9350375244006381]
95,[0.826549784541865, 0.33004494199637296, 0.93062991071885]
96,[0.8157713342426346, 0.34093867268341893, 0.9142625517026918]
97,[0.8249824857389505, 0.3290232581362221, 0.9302282545037471]
98,[0.8165812674623373, 0.32542411362142704, 0.9362508335409061]
99,[0.8144172213445112, 0.33922096010079233, 0.9212273437712889]
100,[0.8171170582881686, 0.33045586173213876, 0.9271162930058975]
101,[0.8350813425976189, 0.3228433006049845, 0.9394492099674508]
102,[0.8303614080842433, 0.32806157391763363, 0.9278782788028295]
103,[0.8161359013695804, 0.3305057869879245, 0.9288501723023266]
104,[0.8212952199636605, 0.3264488723328052, 0.9355834528366235]
105,[0.8358017884874257, 0.3144630511545237, 0.9416045700736234]
106,[0.7973718264746144, 0.33983002739126567, 0.922773941897831]
107,[0.8102772445573911, 0.3408070331219505, 0.9150416328543967]
108,[0.8365840701559758, 0.3146409519471831, 0.9442944630492736]
109,[0.8345919963100953, 0.3284096203305965, 0.9282321613889872]
110,[0.8151431910951966, 0.33161979191586777, 0.924477175042459]
111,[0.8243182158500443, 0.33068810419854106, 0.9243425216636346]
112,[0.8262573657578467, 0.33983635200404844, 0.9149113398389755]
113,[0.7957960589482259, 0.34841931167945095, 0.9168918238137381]
114,[0.8102887304020313, 0.3366699690207664, 0.9305817186337435]
115,[0.8153532363561845, 0.327835356603208, 0.9402968312995078]
116,[0.8251833624874844, 0.33053040285557966, 0.9261699772896033]
117,[0.8429623701397506, 0.31493812371449326, 0.9451652292127604]
118,[0.8128928256086337, 0.33224154073033285, 0.9294256047265808]
119,[0.8315079018267039, 0.31900469052650116, 0.9432580922228624]
120,[0.8290843901976794, 0.3179847590429624, 0.9436725952601909]
121,[0.8309394242071759, 0.31719468893511354, 0.9414025221985851]
122,[0.8229463459328185, 0.3300912360976707, 0.9256042186947351]
123,[0.8304879215458717, 0.3269045784797715, 0.9315371951150205]
124,[0.8132159475286269, 0.3384286325397804, 0.9210829477404009]
125,[0.8305799433931088, 0.3399645348218533, 0.9169748353443298]
126,[0.822851639628929, 0.3458683716295793, 0.9072534967196326]
127,[0.8312544490065551, 0.3408213684501904, 0.9127360902697704]
128,[0.8302355886346399, 0.3417248535912769, 0.9130766230649913]
129,[0.8363460237519227, 0.3250745915321529, 0.9345839157048478]
130,[0.8184248525272756, 0.3467553281229731, 0.9103737426859047]
131,[0.8347537919670995, 0.3250014430245089, 0.9294658057192025]
132,[0.8220386671758524, 0.3313247978061743, 0.927758125450216]
133,[0.8245287629334721, 0.33181090997658413, 0.9265184208892505]
134,[0.8100210521126993, 0.33803357701738185, 0.9192397135973998]
135,[0.8353901264587874, 0.33098964878675013, 0.9226670202280487]
136,[0.8352730494215898, 0.32864350179919993, 0.927724126630471]
137,[0.8447209539405545, 0.30758620706546275, 0.9503792322777469]
138,[0.8246618992190617, 0.3304985555736968, 0.930128628886006]
139,[0.817873613707553, 0.32912227733458044, 0.9351364439858456]
140,[0.8169808234982197, 0.3293856934275899, 0.924834684703648]
141,[0.8264062979743109, 0.34166852175198104, 0.9118652751462946]
142,[0.8251045635753652, 0.3458385733617145, 0.9080412424253825]
143,[0.8274707025251138, 0.31520876215677907, 0.9500022784021198]
144,[0.8211885791837609, 0.3432198712797757, 0.9102349249723617]
145,[0.8137721320887202, 0.34747691746267223, 0.9131143363365856]
146,[0.8091688168351336, 0.3262594059628423, 0.933600454082742]
147,[0.8283871100510793, 0.33940847515636746, 0.914814530384564]
148,[0.8160774687130953, 0.3475463489268757, 0.9108120980908094]
149,[0.8214607904157472, 0.33772646981092674, 0.9149023347441129]
150,[0.8285044410094006, 0.3260192882900979, 0.9346323616446623]
151,[0.8208100156782301, 0.3325033464108756, 0.9272649230535529]
152,[0.8304037277473788, 0.3283246401844523, 0.9331589174645638]
153,[0.8352451504781755, 0.3284440315282278, 0.9313936807384695]
154,[0.8306738412447975, 0.33081583717122415, 0.9305119820803303]
155,[0.8200375459200124, 0.33149358044689947, 0.9279814861426604]
156,[0.8177801831552638, 0.3295335701443576, 0.9304763461254141]
157,[0.8205062855459963, 0.3266981886977296, 0.9332096673583273]
158,[0.8192181353691075, 0.33498701523195595, 0.9273734193517162]
159,[0.8235877917463351, 0.32831258439466815, 0.9267689095497641]
160,[0.8241878429806067, 0.3283400349282172, 0.9344885491127056]
161,[0.821219784722773, 0.33500488767983255, 0.9276257131550593]
162,[0.8249865189025778, 0.33023718712756245, 0.9228306928863221]
163,[0.8133413585461583, 0.3400258039243406, 0.9162365207028508]
164,[0.82295031316852, 0.32899511626980255, 0.9305599141160541]
165,[0.8186738310018248, 0.33426905807250096, 0.9237910350647863]
166,[0.8204741203791758, 0.3410317358683934, 0.915734638827667]
167,[0.8197139080000249, 0.33403154379040334, 0.9274209426813144]
168,[0.8150284910920432, 0.32787903668319396, 0.9343667510970558]
169,[0.8274126240068471, 0.329744412942623, 0.9285588360802234]
170,[0.8143635525332189, 0.3439044739566229, 0.9201885309614667]
171,[0.8227917592702404, 0.33023080505722163, 0.9245891228626829]
172,[0.8241014015458661, 0.32611719593200383, 0.9307943252911027]
173,[0.8250620312994648, 0.33596967013934476, 0.9291300728104214]
174,[0.8209784425238004, 0.32438993209721684, 0.9390539733486463]
175,[0.8206869816216531, 0.3307750158624839, 0.9315928957532952]
176,[0.8078314142181159, 0.32798668055305163, 0.941960420499736]
177,[0.8170321808205593, 0.3330186883814744, 0.9237194179903702]
178,[0.8368934334512546, 0.31483778913422505, 0.9478101558798082]
179,[0.8089745992794745, 0.33819158387026105, 0.9229217894839761]
180,[0.8355311579243146, 0.32909983787959524, 0.9267255310172422]
181,[0.8142332615084715, 0.32996571826620985, 0.9354385768293165]
182,[0.8500530161186891, 0.3107606465166106, 0.9447566914367188]
183,[0.8330169321931598, 0.3243429647688244, 0.9370370273590601]
184,[0.8213026412924723, 0.33652353256868256, 0.9187442210790311]
185,[0.8303279274634644, 0.3208896056199668, 0.9317162137037688]
186,[0.8193408595887799, 0.3416883994406113, 0.919524930163575]
187,[0.8297327887328945, 0.32828389847471356, 0.9281639771262165]
188,[0.8269372061663586, 0.33433621154114723, 0.9189168194141992]
189,[0.8131285285430893, 0.3337143621681819, 0.923954579778302]
190,[0.8287668399975575, 0.32787714914887683, 0.9331233604514536]
191,[0.8288228009825842, 0.3182582031596538, 0.9420793497628972]
192,[0.8265336460413136, 0.3252763212820001, 0.9334846387593131]
193,[0.8162279872420803, 0.3394145550287726, 0.919021513513331]
194,[0.8191190541774093, 0.34315386299448875, 0.9167246925180312]
195,[0.8128512363828816, 0.3377590908360054, 0.9208371605398213]
196,[0.819322827060999, 0.3272129317146725, 0.9352043031908837]
197,[0.8188862639317729, 0.32738795811199534, 0.9398865236787206]
198,[0.8273218693122564, 0.33071461586977374, 0.9324511948827374]
199,[0.8191890366541544, 0.3264967946788447, 0.9324830145348694]
200,[0.8367199903952118, 0.32913589866210735, 0.9298794283002387]
201,[0.8349157543858933, 0.3339007501219114, 0.9236926919215758]
202,[0.8379825442808457, 0.3239591137882318, 0.9358983321044053]
203,[0.8195643553060549, 0.3309380687177226, 0.9358872782878438]
204,[0.8209167937459612, 0.3360597724859425, 0.9215987082863294]
205,[0.8223111585197388, 0.3252773727013858, 0.934912328005339]
206,[0.8258964362801584, 0.3291863402677133, 0.932661850841149]
207,[0.8161854761299457, 0.34322317935671265, 0.9175535492785323]
208,[0.8259000241160505, 0.3224695473931533, 0.9344107265205387]
209,[0.8402142473773162, 0.33558230292464436, 0.915335870123216]
210,[0.8245170932677071, 0.34020208320380285, 0.9114036101059556]
211,[0.8268297801842135, 0.33422086437037185, 0.9295053455834134]
212,[0.8409499470119447, 0.3117405723166301, 0.9466270174330529]
213,[0.8208343736149103, 0.3305000741941746, 0.9331914930901892]
214,[0.8261782527677236, 0.32514813070429116, 0.9357356744717673]
215,[0.8347661782570687, 0.32304004538193226, 0.9321830123584093]
216,[0.8178582553932547, 0.33175568337206235, 0.9283187312909033]
217,[0.8395800662208761, 0.3136532844898956, 0.9450717951082479]
218,[0.8222904986044953, 0.32857258468649064, 0.9288499126614602]
219,[0.8200205316780689, 0.3315145263355918, 0.9307866711078304]
220,[0.8314913186946854, 0.3319896787792955, 0.9228742729673136]
221,[0.8401173340339323, 0.30999949607468175, 0.9542975653800904]
222,[0.8279462533180032, 0.3404294112083315, 0.9137901057818617]
223,[0.8249043836766072, 0.32587515018619956, 0.9394956252276079]
224,[0.8348883179373853, 0.3279365815679902, 0.9274595489951238]
225,[0.8532408484922744, 0.3129920969807225, 0.9391687621033764]
226,[0.832499520874422, 0.3191155724248127, 0.9400583830533952]
227,[0.8369537950137989, 0.3270073794195206, 0.9311831679481007]
228,[0.820887006045635, 0.33986311510849193, 0.9138019476625314]
229,[0.8054363447411542, 0.336307490936938, 0.928264529599356]
230,[0.8093903856314886, 0.3421100371041359, 0.9188072839066755]
231,[0.8140814076514448, 0.3296370562985971, 0.931132648301095]
232,[0.8259504226371828, 0.3240344094060255, 0.9442843520263711]
233,[0.8345873837711822, 0.32407569423216315, 0.9339615163257871]
234,[0.8232318937352109, 0.3321604890805498, 0.9264314871443322]
235,[0.8162354484755817, 0.344397819227445, 0.9183902419942291]
236,[0.8335781469186525, 0.3228771193200274, 0.9329217499702736]
237,[0.8335872387455496, 0.32825711862299883, 0.9303675340559069]
238,[0.8207895159820738, 0.33912108582912753, 0.9124440417303213]
239,[0.8239795515980657, 0.32898018850981287, 0.9250782651424857]
240,[0.8212890750937296, 0.33306899307639226, 0.9276860177366039]
241,[0.8248098569967937, 0.3294270649239529, 0.9289606299154806]
242,[0.8264382108964309, 0.3349434902325251, 0.9191507204905823]
243,[0.8348823575169344, 0.3329898279432843, 0.9242080759337534]
244,[0.8219862885580632, 0.3308367781708123, 0.9269687596371066]
245,[0.8282750992791715, 0.32944117431043834, 0.9279446114383937]
246,[0.8321083864365604, 0.32409878679917253, 0.9343372595171162]
247,[0.8237374367102333, 0.33192661596351036, 0.9319626181083169]
248,[0.8241201073024178, 0.3266920409598098, 0.9344070449812446]
249,[0.8233840509570409, 0.32916129341586176, 0.9290746387629869]
250,[0.8201165219622738, 0.3257851961521113, 0.9352630473942508]
251,[0.8228632421748682, 0.33171545780842654, 0.927821046073095]
252,[0.8147369038024767, 0.3346140390698491, 0.9237469304898162]
253,[0.826812499407464, 0.3311018888865611, 0.9283469680074072]
254,[0.8228533573127276, 0.33643819352753324, 0.9215231623355987]
255,[0.8276926098826619, 0.32753563094038207, 0.9331155933033007]
256,[0.8055461549733034, 0.34890631842764447, 0.9118929976289991]
257,[0.824319116712687, 0.3231908186775927, 0.9399177989649568]
258,[0.8157119177108606, 0.3363271228820355, 0.9206940838049219]
259,[0.8280275552213886, 0.32229586060672477, 0.9401548905225945]
260,[0.8182008406642572, 0.33424290903964393, 0.9229922025332217]
261,[0.8148609946126062, 0.3454737875817181, 0.9103277528307094]
262,[0.8277688025553364, 0.32665495526451843, 0.9350093852038115]
263,[0.8347345679011884, 0.32935078752915475, 0.9302756540207013]
264,[0.8221422448412931, 0.3319753321142855, 0.9305275111785205]
265,[0.822840360929292, 0.3337432645629962, 0.924232213306081]
266,[0.8371520227730025, 0.31634093235939675, 0.9453223477211065]
267,[0.83215549581125, 0.33395859063641486, 0.9191465596339474]
268,[0.836093283243196, 0.3283905450541216, 0.9296100775359699]
269,[0.8162175557263244, 0.3411643324761033, 0.9188633050161806]
270,[0.835302062830219, 0.33159395699026234, 0.9276449860542259]
271,[0.8395088219579171, 0.3206007342411703, 0.9341511689416607]
272,[0.8119513947913741, 0.3400345158023881, 0.9191269826768556]
273,[0.8255115997546284, 0.329436729291608, 0.9313906960883214]
274,[0.8326738155363343, 0.33154918501560415, 0.9295643734655198]
275,[0.8226894954400717, 0.316433950095068, 0.9472850898068984]
276,[0.8331872801976781, 0.3279237436044356, 0.931788489582079]
277,[0.8289408976649663, 0.32031880599524065, 0.9388747925126566]
278,[0.8146645539639793, 0.33591224169972717, 0.9275134895724918]
279,[0.8247976092770707, 0.32802852607995464, 0.928541000584391]
280,[0.8265187945769041, 0.331930599168481, 0.9318600009620027]
281,[0.8353151811105943, 0.32378576982908636, 0.9328797874159657]
282,[0.8170107372665887, 0.3376112384139303, 0.920385351041481]
283,[0.8191609927229074, 0.3303610224183647, 0.9324512931819259]
284,[0.8167845282671802, 0.3494232471640686, 0.9092303377689761]
285,[0.8167658800854978, 0.33305808879900894, 0.9289734544595701]
286,[0.8232994507047702, 0.3303183806776183, 0.9305065407945396]
287,[0.8258863373403639, 0.34278100182415566, 0.9169031893075811]
288,[0.8175245866213119, 0.32061336900066745, 0.9435513560173298]
289,[0.8505359585040695, 0.3155696579684076, 0.9412548032257383]
290,[0.8219913152633683, 0.3273532567153176, 0.9270502760221838]
291,[0.8219429295439679, 0.3280493467708802, 0.9303961272262486]
292,[0.8259103344969558, 0.33397593052211705, 0.9198144434547044]
293,[0.8349187919611648, 0.31394089559133115, 0.947342528692356]
294,[0.8148160609331788, 0.331750239084299, 0.9291552835278912]
295,[0.8202399302076724, 0.3196641132176568, 0.9431254078172334]
296,[0.8090434672528906, 0.34376037073979343, 0.9171393263815182]
297,[0.823046758335857, 0.3281244072988019, 0.9293619291139952]
298,[0.8285259614003707, 0.3360895197853262, 0.9199874955745854]
299,[0.8364700757233031, 0.32294760518726656, 0.9302715583970631]
300,[0.8463376182465546, 0.32036632723239383, 0.9353267921058546]
301,[0.8276036632282907, 0.3364893045895136, 0.915651036417924]
302,[0.8196446853455567, 0.32929644793301377, 0.927065106032367]
303,[0.8273281084879617, 0.33386541953925764, 0.9225899157544898]
304,[0.8346668153123898, 0.3176328208320789, 0.9408113454762026]
305,[0.8170730439892084, 0.33244493739961306, 0.9274482827417367]
306,[0.822856520096126, 0.3310188419397531, 0.9216373113269519]
307,[0.8339759290242461, 0.32712911060475103, 0.9263557468157774]
308,[0.814447909076592, 0.3380102736818436, 0.9243467092352821]
309,[0.8429543945189242, 0.3167523538102511, 0.9362589406978805]
310,[0.8446149714374512, 0.3278205863871213, 0.9335275410084599]
311,[0.8280852548357222, 0.31978885136518903, 0.9404098979450269]
312,[0.7930432766280677, 0.34241827253455565, 0.9237693696483859]
313,[0.8199867652815584, 0.3333092500493658, 0.9309105538353358]
314,[0.8192997848032983, 0.3322859239893802, 0.9235963793413954]
315,[0.8241488010190376, 0.3205927334587771, 0.9375336392642556]
316,[0.8325308360875993, 0.32488544478163084, 0.9296572061324163]
317,[0.8255165530572408, 0.3373862526094767, 0.916456549354993]
318,[0.8098969951101056, 0.33367236398626254, 0.9282889799903583]
319,[0.8249509000460592, 0.33364728268528465, 0.9240321168402609]
320,[0.8099827241604195, 0.34498534800374564, 0.9158832409400545]
321,[0.8174814653049008, 0.33226698299680807, 0.9289106242101444]
322,[0.8203371224822545, 0.3368627364173972, 0.9196522020185145]
323,[0.82583984912379, 0.33138339314724796, 0.926330762749483]
324,[0.8206836222558763, 0.34721699048476495, 0.9095119885485378]
325,[0.8201222456644744, 0.33333885186892537, 0.9257726756806616]
326,[0.8340769822479148, 0.31819517349015036, 0.9440224337698572]
327,[0.8228047517012808, 0.3326516513437189, 0.9228124973578183]
328,[0.8237400838782589, 0.3341141444414898, 0.9190681250392141]
329,[0.8334970065302885, 0.33105055774558606, 0.924586758840548]
330,[0.8174158410867682, 0.33789895384114027, 0.9237458509783374]
331,[0.8166977038640306, 0.34042566149182685, 0.922374280840533]
332,[0.8272655733888552, 0.3261506904068834, 0.9314173625563248]
333,[0.8378040319005648, 0.3170600875865806, 0.9424124773343389]
334,[0.837520982008904, 0.3201198070622537, 0.9361877513323686]
335,[0.8251952185170031, 0.3190612004075266, 0.9481503454960132]
336,[0.8179340241258918, 0.33060932865753007, 0.9272660351227172]
337,[0.8406280863988032, 0.323167580942426, 0.9340508039140907]
338,[0.823611523917977, 0.3308859018519155, 0.9288345785413603]
339,[0.8131649625528223, 0.34705929640735284, 0.9119842696764693]
340,[0.8176087498443396, 0.3348466494474486, 0.9234368003227691]
341,[0.811974242919101, 0.3322293538729354, 0.9335142506443421]
342,[0.8301349833660262, 0.3146176253046156, 0.9472862468075548]
343,[0.8094615807418288, 0.3531553793916146, 0.9026242811739728]
344,[0.8282413357195283, 0.32562856306357435, 0.9290135057730009]
345,[0.8429450900671323, 0.3271990868912159, 0.9256067011687523]
346,[0.8244512738104903, 0.3351692083676136, 0.9254427691279737]
347,[0.8280459615634301, 0.33119771585190627, 0.9247717265647082]
348,[0.8155774128604435, 0.32910670002807135, 0.9373796063643773]
349,[0.8203174902753909, 0.33141761846425294, 0.927094818583679]
350,[0.8062601421717818, 0.3363685710969885, 0.9201617782665713]
351,[0.8200584952166088, 0.3375246233966368, 0.9189874752144764]
352,[0.8325882860286877, 0.3221879972932358, 0.93510243269648]
353,[0.812883606299594, 0.33861971816741787, 0.925674288631817]
354,[0.8274324885444264, 0.329109263891607, 0.9313160111011314]
355,[0.8501976833958359, 0.3101645144205911, 0.9516529604546804]
356,[0.8124303727790216, 0.3321603456671415, 0.9310466707066856]
357,[0.8339679824179344, 0.33217192369099985, 0.9268185575233343]
358,[0.8311180693211112, 0.3221998786904134, 0.9356944149129635]
359,[0.8227586462205383, 0.32537947841889153, 0.9353029035395676]
360,[0.8308127885724249, 0.33042424593476294, 0.9270623016168626]
361,[0.8197801113037123, 0.3324733592352528, 0.9268358770759816]
362,[0.808095017380991, 0.33429333280663476, 0.9270574044801324]
363,[0.8224801672413476, 0.3352693218571411, 0.9220157714358819]
364,[0.8310621655172796, 0.3405875388235344, 0.9099959413310437]
365,[0.816054910549898, 0.34653379469927936, 0.9069109280446531]
366,[0.8207584749584815, 0.3348541345205736, 0.9221601494904731]
367,[0.834651567739459, 0.32460346515981336, 0.9334914522300948]
368,[0.8375454952303112, 0.3270256719279562, 0.9241469864815091]
369,[0.8041869442613542, 0.3474532919609999, 0.9082877178177763]
370,[0.8059294769181996, 0.33590374994112965, 0.9242343626067232]
371,[0.8080372510884627, 0.3404244702662532, 0.9200178215813571]
372,[0.8289686420762616, 0.3224789479285604, 0.9302219571370856]
373,[0.8266628747964766, 0.3337222380716635, 0.9238828285674934]
374,[0.8263400795812822, 0.3254213772539817, 0.9396037178828333]
375,[0.8239436707049917, 0.33959337247210486, 0.9131324054402896]
376,[0.8123909159998888, 0.3247578826900572, 0.9397526383986353]
377,[0.8304151616718394, 0.30855077601649683, 0.9514895338009457]
378,[0.822434666696463, 0.3295324855719321, 0.9291088112848511]
379,[0.8259134009480978, 0.3344591780054929, 0.9259374037147373]
380,[0.8245292263049131, 0.33345745264148796, 0.9257144389757093]
381,[0.8278608943183421, 0.3285929644875501, 0.9251306977490611]
382,[0.8309401425499228, 0.31579054204555584, 0.9468179656544138]
383,[0.8295131505608816, 0.32590301800244076, 0.9393757283506815]
384,[0.8145612092799253, 0.3303344059576712, 0.928412492424227]
385,[0.8214068609985049, 0.32301118478436297, 0.9391845693117938]
386,[0.8307784139492891, 0.3238132573788137, 0.9374659783636118]
387,[0.83288861867744, 0.3273810735261168, 0.9267435164407475]
388,[0.8184911454238641, 0.32592360073622934, 0.9394117833321947]
389,[0.819498305033373, 0.3242895867153414, 0.9393276673353703]
390,[0.8116692541681484, 0.33019968020226403, 0.9333068999338953]
391,[0.835943292518887, 0.3197971514569066, 0.9377256125395249]
392,[0.8241765241321505, 0.33022053988111805, 0.933434468946787]
393,[0.8292351855463725, 0.3278048543103741, 0.9298149109088247]
394,[0.8430274977792059, 0.32153798983504833, 0.9338214837907588]
395,[0.8269855732759379, 0.33086469142502156, 0.9252834892638473]
396,[0.8088989099363324, 0.3528672659536753, 0.9015073750012963]
397,[0.8209049405957182, 0.3324447040323024, 0.9276203653243511]
398,[0.8274603600447659, 0.3244457474899723, 0.9338308819661331]
399,[0.8119885776064453, 0.3392228610845344, 0.9191612590323257]
400,[0.8267914402021377, 0.32857905720545794, 0.9302769866132581]
401,[0.8103980646387979, 0.346520505824915, 0.9116305561741603]
402,[0.8297022469659004, 0.33153242220202, 0.9252254978601965]
403,[0.8110944616792332, 0.3438244013435176, 0.9134161956662309]
404,[0.8246498588680604, 0.33291829321265476, 0.9252130766649074]
405,[0.825299240577803, 0.32046985392805966, 0.9387889570855754]
406,[0.8201366858992409, 0.34062919254674145, 0.9156392996675881]
407,[0.8324766401766065, 0.33211928377099226, 0.9212332817370483]
408,[0.8178047927030707, 0.32386262415627926, 0.9321078701828519]
409,[0.8170146497700574, 0.3370701383281743, 0.9259513700782007]
410,[0.8300039760776623, 0.3244287321718402, 0.9342909312266616]
411,[0.8277732040254755, 0.3267367742924547, 0.93235282337988]
412,[0.8258085085815878, 0.32969372053666873, 0.9323496282343628]
413,[0.8282734922409405, 0.32348766673149726, 0.9309472777928428]
414,[0.8137364761507097, 0.3342902537758515, 0.9234434698792545]
415,[0.8321614786890013, 0.3355279906562332, 0.919160046220024]
416,[0.8219091086750743, 0.3454184903026314, 0.9110561657942116]
417,[0.8189970333324726, 0.34068932737697505, 0.9154010995500251]
418,[0.8103475310504583, 0.3438319161293877, 0.9147844755325097]
419,[0.8371357026928786, 0.3247270003820506, 0.9370782574326432]
420,[0.8191540220683194, 0.3372650263965742, 0.9204457712909344]
421,[0.8157586047952102, 0.34119613964056744, 0.9184290204688734]
422,[0.82173319586657, 0.32719435695894994, 0.9363496190548054]
423,[0.8144680905200395, 0.31918390534054547, 0.9511695130118234]
424,[0.8184239333377432, 0.33488054199328465, 0.9214397733157815]
425,[0.8246331879624217, 0.33156052689518106, 0.922302002728061]
426,[0.815164303408202, 0.34585390986108977, 0.9123067679435106]
427,[0.823218260067475, 0.33132506413834506, 0.9243715350063013]
428,[0.8169421618377645, 0.3372440888599848, 0.9218120210051195]
429,[0.8201490849158682, 0.34450811138210297, 0.9138850819133516]
430,[0.8311885641965221, 0.3239454635943267, 0.9344665312462126]
431,[0.8169639066716522, 0.33839420098560585, 0.9157406109920159]
432,[0.8080241331914964, 0.33113333559126873, 0.9310449801307257]
433,[0.8282543880437662, 0.3309109593982848, 0.9274591444807031]
434,[0.822482911828315, 0.3250846970789612, 0.9323682140447842]
435,[0.8183802368525588, 0.328654899679703, 0.9331197324314601]
436,[0.8312188006654815, 0.31653304024045825, 0.9438772431960102]
437,[0.8292070932129902, 0.3156298445239909, 0.9454703480631637]
438,[0.8206203809914935, 0.3484347138729053, 0.911275954983871]
439,[0.8393339175725983, 0.32448295285453993, 0.9344694660039355]
440,[0.8325204607174861, 0.3325170062660779, 0.9275499767653523]
441,[0.8262421712268531, 0.3255891359085513, 0.9324547052807116]
442,[0.817704657874443, 0.332490225625585, 0.9265518325163886]
443,[0.8100952336334878, 0.33871149488762947, 0.9269933756820319]
444,[0.8325748107251155, 0.32491529289144877, 0.9351443677913969]
445,[0.8219925996674327, 0.33399295578027993, 0.9217354657736526]
446,[0.8270752633515036, 0.3196892771117984, 0.9402788830451895]
447,[0.830020771093913, 0.32808274340290133, 0.9298290522620641]
448,[0.8180091266130203, 0.33570180029727137, 0.9243385705833462]
449,[0.8187568191154999, 0.3333008680316411, 0.9277500986761308]
450,[0.8245641235586093, 0.33611450377984803, 0.9240926936885407]
451,[0.8282350390302444, 0.3285503076368091, 0.9344779454593936]
452,[0.8084549844371054, 0.3428371822357934, 0.9104674348143567]
453,[0.8078868402972664, 0.35035688226712, 0.90716732259145]
454,[0.8262629026241001, 0.3298978301970927, 0.932730293894141]
455,[0.8245287648520434, 0.33264542674499686, 0.9288717526425939]
456,[0.8324048268036143, 0.3312337789994904, 0.9275417869158995]
457,[0.813432451775965, 0.33735692306446385, 0.9222876958479513]
458,[0.816308880208143, 0.3457078958338051, 0.9093843958228633]
459,[0.8352350230797565, 0.32217988143195714, 0.9361809123957412]
460,[0.8162977902687373, 0.32938617016430677, 0.9290864838770206]
461,[0.8124270355544316, 0.3335882826997667, 0.9325138087434298]
462,[0.8175219552885128, 0.33430065480438814, 0.9245473615114389]
463,[0.8211549499873625, 0.33113594891785514, 0.927092623622622]
464,[0.8237542703668369, 0.3265036180048424, 0.934863151358978]
465,[0.8196961337782698, 0.3306444477249046, 0.9252317937510882]
466,[0.8174672997881648, 0.3263811024802782, 0.9330481491603533]
467,[0.8236462461899681, 0.326255081278046, 0.9321811323276673]
468,[0.8356977944101119, 0.3254411267271078, 0.932157395917914]
469,[0.813079150194216, 0.3409146082579785, 0.9180595411210002]
470,[0.8307209737231573, 0.3270338226983079, 0.9315592194199831]
471,[0.8424593811124682, 0.3170437688520206, 0.9322891929840508]
472,[0.8176226493370389, 0.3303798941676046, 0.9311555286690517]
473,[0.8339959931868114, 0.319279700519684, 0.9413531250536972]
474,[0.8409968389821515, 0.3281822501721535, 0.923619902762924]
475,[0.8243945746500629, 0.32433503079065534, 0.9372447925676195]
476,[0.8436245998213523, 0.3241253867228756, 0.9311115241203178]
477,[0.8323270490633715, 0.3178769771152709, 0.9395817668656844]
478,[0.8241632495519219, 0.3349474928168647, 0.919095898607121]
479,[0.8341750224750859, 0.3362206222403023, 0.9206010842602906]
480,[0.8253952823259713, 0.3249042729260862, 0.9332484574233684]
481,[0.7955509289515657, 0.34588898705990034, 0.9218196527969386]
482,[0.8133277649151271, 0.3338599512375564, 0.9335631688216547]
483,[0.8173338589132355, 0.3421018341932451, 0.9175173867719673]
484,[0.8252631419712347, 0.33148206738173513, 0.9289624206888649]
485,[0.8278417112083131, 0.33061514008385107, 0.9263216658550915]
486,[0.8162350104975222, 0.33525562692919425, 0.9205356063084412]
487,[0.8297826360383019, 0.32514079470263274, 0.9347260830053743]
488,[0.8246601773725563, 0.3267436218670314, 0.9330806560424352]
489,[0.8303215413435965, 0.33358105990820885, 0.9235773342250112]
490,[0.8397353883902225, 0.3189095872536855, 0.9383531932305716]
491,[0.8312773165042416, 0.3189695137376061, 0.9449269378694526]
492,[0.8378778959138513, 0.32158153258433986, 0.9347730305753047]
493,[0.8258662183428009, 0.33098528425630264, 0.9242084054971946]
494,[0.8240560137736637, 0.32880013646798484, 0.9345089044733187]
495,[0.8162912977459809, 0.3387519727663551, 0.9237610910395133]
496,[0.81989898978252, 0.31013211004500835, 0.9565074998577294]
497,[0.8365245851059987, 0.32635490391485383, 0.9326663069625789]
498,[0.8336272444754111, 0.3192444443544037, 0.9362327626833032]
499,[0.8241875874650666, 0.32495768768453503, 0.9307362834801165]
500,[0.8166811049309799, 0.3355815750334476, 0.9262742071596703]
501,[0.8293094091880521, 0.3306124813137704, 0.9264347911997147]
502,[0.8272299905941569, 0.3330059590894563, 0.9263113725756061]
503,[0.8293946779756839, 0.31740165495461026, 0.9493567640756679]
504,[0.8072802682260946, 0.3464724922815832, 0.9159143034314527]
505,[0.8177875616045932, 0.32125088490795606, 0.9443914102592899]
506,[0.8234618719628426, 0.3291251040817359, 0.9328883241326271]
507,[0.8323224301003583, 0.3225434652688951, 0.9372346190893508]
508,[0.8154753768761742, 0.3347213776534951, 0.9253602823785986]
509,[0.829084709041448, 0.309247962710586, 0.9524215176977447]
510,[0.8493079332255807, 0.3171526472820301, 0.9398440888679656]
511,[0.8272617620496228, 0.3205477730337218, 0.9356176293279589]
512,[0.8262956110106502, 0.34255405693502894, 0.9107881810917527]
513,[0.8174665330209555, 0.34774898136731247, 0.9085711184979597]
514,[0.8193591941309466, 0.3241104835260742, 0.9376734102304051]
515,[0.8252355224630346, 0.33029975835729547, 0.9292448220781713]
516,[0.8348874055989605, 0.3365448911891676, 0.9224055731862795]
517,[0.8148383510937911, 0.3370413178943617, 0.9225795532628229]
518,[0.8178102161367398, 0.33246934995951355, 0.929180978159274]
519,[0.8212641178531948, 0.32980233049904456, 0.9236928127272352]
520,[0.8320199718521025, 0.3265334609367377, 0.9360353112369854]
521,[0.8093899549569686, 0.3346910021538952, 0.9307948144620838]
522,[0.8228248461371067, 0.3246392636675172, 0.9351769804138752]
523,[0.8185047083886108, 0.33355958320968415, 0.9272674265862529]
524,[0.8212387418526701, 0.3273949277841409, 0.9305680500084377]
525,[0.8182219609129325, 0.3188312442856063, 0.9483161050003238]
526,[0.8236109021416892, 0.32203201874429627, 0.9436513311527044]
527,[0.8311893183607005, 0.3191283697324893, 0.9406454359100086]
528,[0.8299052282432514, 0.327739968028889, 0.930567164533994]
529,[0.828462181834958, 0.3379397038716385, 0.9154684369885875]
530,[0.8257210016855913, 0.3332319877346404, 0.9217638501803804]
531,[0.8167864894796121, 0.347998250527717, 0.9052572183934215]
532,[0.8309247712697555, 0.3170402418996394, 0.9441555818547551]
533,[0.8207385928530418, 0.3316042051512701, 0.9305770324662936]
534,[0.8297090519735826, 0.3283760898482346, 0.9299534573888725]
535,[0.8163059164858071, 0.33401191188791235, 0.9290105465168751]
536,[0.8235755015533144, 0.33666775162698837, 0.920785078541393]
537,[0.8229883674488544, 0.3150308852925467, 0.9495900069144935]
538,[0.802774255163429, 0.3479451078534609, 0.9112247540670477]
539,[0.7991550427371542, 0.34908692999310653, 0.9129986221425417]
540,[0.8175393882315294, 0.3405849388050506, 0.9167342186068996]
541,[0.807743074179509, 0.34690932660646745, 0.915854310203254]
542,[0.8366699126278545, 0.32408552495919396, 0.9346776037372941]
543,[0.833294413119216, 0.32766376380702533, 0.9298598882490765]
544,[0.8326476869540627, 0.32286073160228307, 0.9396488250348771]
545,[0.8300540493298603, 0.33057808351274726, 0.9340590798784253]
546,[0.8165464798056322, 0.3382019803371728, 0.9218975465561274]
547,[0.8213169692646387, 0.3249649924254567, 0.9369248405981461]
548,[0.8343465638062129, 0.3311439418245002, 0.9232697803374865]
549,[0.8078264993810016, 0.33871824589701793, 0.9258578414963763]
550,[0.8232039246006724, 0.3360717403945384, 0.9248357478606594]
551,[0.8379058964161675, 0.3233006647154217, 0.9365116647103465]
552,[0.8193124532527627, 0.3357730570915572, 0.923980962935945]
553,[0.8258360084346047, 0.33538561742249057, 0.9232860962951789]
554,[0.8112951435592076, 0.3333084601029335, 0.9287333211700143]
555,[0.8416223028724171, 0.3194516165069745, 0.945510904408604]
556,[0.8179616266143552, 0.31848500717281236, 0.9457061531777055]
557,[0.8366493721909621, 0.3321494416381214, 0.9229731773772476]
558,[0.817000673317679, 0.3384564375063991, 0.9253253393309561]
559,[0.8094845792961128, 0.34177113678773535, 0.9206496462320412]
560,[0.8294934600355438, 0.33158674692198054, 0.9312798563534368]
561,[0.8209464503449911, 0.32740825472012075, 0.9356787455142701]
562,[0.8340335191410018, 0.3226710873795557, 0.9327141034894322]
563,[0.8248982437892207, 0.32696525010445965, 0.9317835613582184]
564,[0.8322730907977188, 0.3239263964623234, 0.933465739813021]
565,[0.8252245746628386, 0.3175064820055431, 0.9427776156670074]
566,[0.8297277082212313, 0.31969073715699037, 0.9415848606240779]
567,[0.8343407214224946, 0.32567691842274593, 0.9279613051665504]
568,[0.8310703553520656, 0.31671799818628366, 0.9440275882122335]
569,[0.83658802214191, 0.3386064728551653, 0.9096625282209299]
570,[0.8092990361345814, 0.3359425336241046, 0.9300352459165635]
571,[0.8193611307985634, 0.337303462302474, 0.9233209750645381]
572,[0.8208784037502421, 0.32906183693509683, 0.9261452256118942]
573,[0.841644095681962, 0.32413729568125854, 0.9322726719456522]
574,[0.8439866878459782, 0.3178811442245453, 0.9429011950928917]
575,[0.8304756656249948, 0.3248127412324556, 0.9328030516691108]
576,[0.8256614890519408, 0.33703478656617797, 0.9204262910124498]
577,[0.8347186399999601, 0.3272428017186027, 0.9321821550049674]
578,[0.8382322564938345, 0.319145995566846, 0.9346161519559608]
579,[0.8201539715983344, 0.33304862090551257, 0.9250604683964404]
580,[0.8281784349071721, 0.3300930415153957, 0.9267838723877251]
581,[0.8128754301491281, 0.33471750138981843, 0.9295626666785706]
582,[0.8323263313007686, 0.3254818126069603, 0.9330705761796604]
583,[0.8216645294379687, 0.32757543156395913, 0.932411898016848]
584,[0.8209258756272467, 0.327369480639612, 0.9398514181130009]
585,[0.8161644065824664, 0.3352134686286534, 0.9209521613156512]
586,[0.8249955161309176, 0.33428568857588503, 0.9255137755296526]
587,[0.8310984856178486, 0.32625293624269835, 0.9293036446594493]
588,[0.8122663023587856, 0.3406222536738655, 0.91639708464553]
589,[0.8296344348002618, 0.3245257243776233, 0.934624657468427]
590,[0.8233770462537484, 0.3306166339149866, 0.9296059903589002]
591,[0.8152565425209461, 0.3284521597294305, 0.9333068811042025]
592,[0.8266266640153825, 0.320716160660968, 0.9362148765989118]
593,[0.8231625360169599, 0.3360353630865793, 0.9206653768216678]
594,[0.8297920375448603, 0.3264954365858751, 0.9346705877180551]
595,[0.8340234434067707, 0.33232068883229254, 0.9211007503596257]
596,[0.8324006233147666, 0.330194169162905, 0.9248733723880448]
597,[0.8227466655567133, 0.32418019719341606, 0.9331772305273728]
598,[0.8276762790965334, 0.32176573276234444, 0.9417476185442256]
599,[0.8197920033352837, 0.34723481476400353, 0.9044598397891705]
600,[0.8122320610136071, 0.33968474419334593, 0.9214038536074014]
601,[0.8173432168602721, 0.35377611457424324, 0.9017507565394616]
602,[0.815500098314331, 0.33955803236455506, 0.9164977168425958]
603,[0.8296396043921435, 0.3277065787431034, 0.9276289180834867]
604,[0.8260758753957261, 0.3358322668362089, 0.9162751648855723]
605,[0.8255605950905995, 0.32875239752948004, 0.9328587686930743]
606,[0.8404517850207661, 0.3250167807177432, 0.9289414818424778]
607,[0.8177881447122639, 0.34415409844556816, 0.9132754273715598]
608,[0.8376516083913549, 0.3202955644366537, 0.9360961328299509]
609,[0.8082980006145108, 0.3305882584018582, 0.9321523801453298]
610,[0.8190932061828694, 0.3304391983082813, 0.9314116502282465]
611,[0.8241098276574034, 0.3306460884581517, 0.931857435360299]
612,[0.8271036977035374, 0.3193344712674403, 0.9432696512251676]
613,[0.8138499520166252, 0.3233246502305663, 0.9413413781246996]
614,[0.8259094144259538, 0.32897599342472406, 0.9288063167028736]
615,[0.8192555852118241, 0.3206147770812417, 0.9442258622210684]
616,[0.8227043597215209, 0.32796573645130955, 0.9315251046742603]
617,[0.8093009772231214, 0.33155558842981014, 0.9276585936373583]
618,[0.8364031834407697, 0.32502564694553904, 0.9337407220016435]
619,[0.812629410027622, 0.3497261390228372, 0.9098232814840527]
620,[0.8425352458095952, 0.3145351279287207, 0.9418301081909111]
621,[0.8244755938068306, 0.3325543505298835, 0.9233897325231127]
622,[0.8223166198815482, 0.32927663705012683, 0.9321266275787112]
623,[0.8284284803099685, 0.32115703095941545, 0.9418651802034386]
624,[0.8124905910699459, 0.32876081458053563, 0.9356538787006387]
625,[0.8285801718126845, 0.3308812987060896, 0.9231108238706407]
626,[0.8175252681095292, 0.33621507674644074, 0.923103067256883]
627,[0.8308540237637668, 0.33023360255932804, 0.9280977203472498]
628,[0.8373778396963768, 0.3238326454698163, 0.9373627819281749]
629,[0.8216130553238624, 0.336626036856522, 0.9187061920896779]
630,[0.8335881552963557, 0.3188679260334393, 0.9340654507384533]
631,[0.8296702783115744, 0.32932789447485017, 0.927661336253899]
632,[0.8060895354629826, 0.3392468076804669, 0.9209410351278255]
633,[0.808914257700936, 0.3264641627267575, 0.9334655824446813]
634,[0.823259646904618, 0.3437468760979216, 0.9110799855204745]
635,[0.819852638371088, 0.33638258459050735, 0.9238357363818976]
636,[0.8284494013085764, 0.33049138104689885, 0.9258494095621973]
637,[0.8166885257557972, 0.344621648964215, 0.9118000255999653]
638,[0.8289745335487065, 0.3313081645189653, 0.9305818396021841]
639,[0.8289491426164386, 0.31939848068100946, 0.9421231424114961]
640,[0.823161449937951, 0.332302249643415, 0.9288747995092722]
641,[0.8226468367962404, 0.337369650597897, 0.9214850027763537]
642,[0.8150676993459856, 0.3495752574429369, 0.9120097100958646]
643,[0.8209307048915017, 0.3419443282093942, 0.915389241230801]
644,[0.8190611682859404, 0.332995676561837, 0.9241898229102953]
645,[0.8308024695340536, 0.3267907208819218, 0.9319618531481365]
646,[0.8233776819228157, 0.33542902110578704, 0.9195861091219215]
647,[0.8074149509890604, 0.34613275498157214, 0.9135279207622338]
648,[0.8395018167621772, 0.3173977739589569, 0.939683967226062]
649,[0.8073021098700977, 0.34003569500599906, 0.9240647712082766]
650,[0.8343303430621192, 0.31325817594002037, 0.9452723364287626]
651,[0.820979082803963, 0.31865624106603163, 0.9460882294810838]
652,[0.8079308980375871, 0.34775813236223474, 0.9084729822736483]
653,[0.8199264514566456, 0.3342146444660926, 0.9246528969939578]
654,[0.8223325086222725, 0.33923411428571737, 0.9124884597119132]
655,[0.8269143012920593, 0.32366795780217805, 0.9384410772910152]
656,[0.8148014510781447, 0.3345477319591335, 0.9268282267907838]
657,[0.8246166990775043, 0.3279371747227715, 0.9307515886010295]
658,[0.8236602593482918, 0.3422553425355179, 0.912043333935637]
659,[0.8313717370205047, 0.3223617621835666, 0.9374879379635911]
660,[0.819905347642138, 0.32749271969277394, 0.9378135389760511]
661,[0.8379976049169158, 0.3282655253546406, 0.9261957151018954]
662,[0.8404273098313756, 0.33493828188854496, 0.9126252005497737]
663,[0.8328183248327039, 0.3233557577293342, 0.9353673759016135]
664,[0.8360605689676897, 0.31969351712304606, 0.9337345266020641]
665,[0.8231451217054601, 0.33953914738038893, 0.9164236998748814]
666,[0.8198207636242042, 0.3403001948250044, 0.9217526461893698]
667,[0.8226010177684813, 0.33495269385429094, 0.9180002171817984]
668,[0.8193520642370735, 0.3425992455778833, 0.9119666990209]
669,[0.8163922567099531, 0.33655338154693487, 0.9189690888391071]
670,[0.8087535306055451, 0.3400521898736586, 0.9223090089834897]
671,[0.8212938206165854, 0.34995747715922004, 0.9045854627317192]
672,[0.8247310903797447, 0.32137417067968893, 0.9416805707664649]
673,[0.8161653842853179, 0.34019848992770774, 0.919261284131341]
674,[0.8289246507782968, 0.32460942173692864, 0.9353618117271217]
675,[0.8215245635459306, 0.33049965309746615, 0.9303794990151032]
676,[0.8308525873664304, 0.3229319036103321, 0.934370844812495]
677,[0.8180619531167195, 0.33320407730274765, 0.9275695552936488]
678,[0.8180463528387674, 0.34107942302481425, 0.9158224810928925]
679,[0.8201077026341463, 0.3393507747414903, 0.916537664227977]
680,[0.8187293485622785, 0.3225193396848489, 0.9356123437539223]
681,[0.8355600066755411, 0.3232803530994586, 0.9342163214071286]
682,[0.834154010703471, 0.3256765036674831, 0.9345672261805832]
683,[0.8200723433455316, 0.32968676159481625, 0.9253037696810127]
684,[0.8261202988101684, 0.3196709087883091, 0.9412502190693249]
685,[0.8277972590647089, 0.3288939554016563, 0.9335474943063482]
686,[0.8334913459057772, 0.31567318150980206, 0.9455113278102867]
687,[0.8280420905871271, 0.33161695161716037, 0.9252065136228239]
688,[0.8138748369423204, 0.33922869186910276, 0.9171352935278037]
689,[0.811955178650476, 0.3377709097203549, 0.926391274948523]
690,[0.8207530244496667, 0.32872415883397066, 0.9342508202408327]
691,[0.8201728534361838, 0.32885807200029216, 0.9305682987591253]
692,[0.842375515309548, 0.32462637899481245, 0.9255958812994485]
693,[0.8120245061713889, 0.34011125563780636, 0.9166389739820051]
694,[0.8258432978420517, 0.3295897067249308, 0.9309112086555201]
695,[0.8129612229400263, 0.3472689626158392, 0.9093778851358907]
696,[0.82840105502112, 0.31688347348504425, 0.9475308733915668]
697,[0.8242510253662273, 0.3314200931490428, 0.9242363149505679]
698,[0.8240350079368622, 0.31848838476435476, 0.9454429543570888]
699,[0.8286043760683248, 0.3224080665985202, 0.938507124157303]
700,[0.8188761732971405, 0.32260108150597544, 0.9366134084202917]
701,[0.8111958823434764, 0.3471151551733174, 0.9099057078290596]
702,[0.822125710116071, 0.3284393815452052, 0.93165168347175]
703,[0.8282775174825955, 0.3276870758303182, 0.9307632342842044]
704,[0.8302428243901142, 0.3220928142360497, 0.9395842768251874]
705,[0.8248431519225929, 0.3460562875154238, 0.9093290989559386]
706,[0.8366470005074522, 0.32847784975930433, 0.9304453328957881]
707,[0.8346626943548898, 0.3248084431094428, 0.9347392945250516]
708,[0.8179778543319782, 0.3309893580808241, 0.9330663193328657]
709,[0.8288291614621539, 0.32361332019285005, 0.9344577914592944]
710,[0.8208112145691531, 0.32771425528747467, 0.9279367312499899]
711,[0.8336511902173394, 0.32482556031850734, 0.9355089233472658]
712,[0.814157779948036, 0.3387432669075266, 0.922477976554499]
713,[0.8213682126711119, 0.3330237836682104, 0.9260109176042335]
714,[0.8270758151947346, 0.3289842185588877, 0.926440110244875]
715,[0.8221133007721467, 0.3317077455466358, 0.9284339660142606]
716,[0.8265694762724922, 0.33359262637133236, 0.9250142303355016]
717,[0.8118809805325462, 0.34396301952923125, 0.9171096018495217]
718,[0.8449506608597532, 0.3198713629288479, 0.9387027947853607]
719,[0.8279393444613725, 0.327423473093714, 0.9304269997067353]
720,[0.8184236278563506, 0.3368733128889553, 0.9163365330326249]
721,[0.8142214110054022, 0.34867313122676363, 0.9056159456221096]
722,[0.8225676522189591, 0.3246805313159957, 0.9342396661936428]
723,[0.8252726845461617, 0.33226880422006533, 0.925050124304913]
724,[0.815327039385563, 0.32361183763368545, 0.9446881128855181]
725,[0.8191745660854389, 0.341142990010592, 0.9160079792801686]
726,[0.8162181803850271, 0.3310729526315521, 0.9280836312626715]
727,[0.8117591733971182, 0.3280296021167012, 0.9379591618654717]
728,[0.8423965224287769, 0.32548177497211955, 0.9305389165858248]
729,[0.8242768322785213, 0.325170064517115, 0.9343677865806747]
730,[0.8223897700643936, 0.3345828267368171, 0.9207379962096995]
731,[0.8284225240617451, 0.3236563541216843, 0.937546358488183]
732,[0.8262277399925293, 0.3247113429079254, 0.9306416563578747]
733,[0.8226851158065248, 0.3390728461652058, 0.9151070539375592]
734,[0.8260060295932975, 0.3399717749813698, 0.916691789002866]
735,[0.8331283658445799, 0.31786634312947215, 0.9402329766604085]
736,[0.8340581384790346, 0.3216274113485674, 0.9355984600623988]
737,[0.8236882128258788, 0.32616227448865587, 0.9359993175216612]
738,[0.8211175477116495, 0.33282242278542756, 0.9253746861619842]
739,[0.8334224626307708, 0.3333796712765783, 0.9201698923139726]
740,[0.823003435293365, 0.32953082696332503, 0.9322895592208162]
741,[0.8331825501841486, 0.31080778977031404, 0.9448396363341357]
742,[0.8091965814312843, 0.3414685951559535, 0.9142330282729213]
743,[0.8109717936410245, 0.3453899922697183, 0.9184578107734278]
744,[0.8275505079477216, 0.32540850764431406, 0.9331460009755317]
745,[0.8241707652652502, 0.32273137573397565, 0.9424605122979373]
746,[0.8258537228214874, 0.31654557634858244, 0.9454819151419251]
747,[0.8184965993370492, 0.3386609649961392, 0.9207223714749209]
748,[0.8466440553913023, 0.3062312123285113, 0.9532127541625992]
749,[0.8264912710424464, 0.32833923389525216, 0.9316520894909116]
750,[0.8252006759442962, 0.33222321257322524, 0.9227805702493107]
751,[0.82084840338205, 0.32732862061019136, 0.933211178946667]
752,[0.8059636810376904, 0.3527952487252721, 0.904829554536834]
753,[0.8291003646966406, 0.3256890631785188, 0.9332618974659339]
754,[0.832113276869711, 0.3263662354858424, 0.9301601315799901]
755,[0.8296922887712236, 0.33542575267748076, 0.9196758114063842]
756,[0.8302348927552337, 0.32652926210365846, 0.9274070460328722]
757,[0.8301683619344802, 0.329038204028224, 0.9333850766439264]
758,[0.8338850751496149, 0.3248132456716732, 0.9360152176940715]
759,[0.8275979640295611, 0.3270534475958305, 0.9336537075173429]
760,[0.8257932612696759, 0.3310997983737843, 0.9287662888724373]
761,[0.8105201393945566, 0.3378287008269458, 0.9200938339560237]
762,[0.8046631769081776, 0.33809420107150034, 0.9246804781154787]
763,[0.8353250468587614, 0.33577875003115076, 0.9167939500724748]
764,[0.8349243666820563, 0.32425909994480806, 0.9330513346032574]
765,[0.8353341297836597, 0.31755818498947375, 0.9411059988255747]
766,[0.8355724226975876, 0.3225327444664086, 0.9329533991122112]
767,[0.8282196881615792, 0.3204796830088902, 0.9445995234052144]
768,[0.8380737026417044, 0.32082842456369176, 0.9412430057514029]
769,[0.8214580583666062, 0.3249325194517684, 0.9373036928902174]
770,[0.8219463704538307, 0.3312401231584473, 0.9307592525289842]
771,[0.8246156742395906, 0.32219315679302735, 0.9389301127047001]
772,[0.8167644006985145, 0.34385200999161, 0.9147057591636396]
773,[0.8198665402808617, 0.32713191506813705, 0.9349248636076614]
774,[0.8337496753328116, 0.32050541423219664, 0.9373380232901131]
775,[0.8233917633661384, 0.3233642844846053, 0.9405280292472322]
776,[0.834739667377209, 0.3167137689060257, 0.9419532193881803]
777,[0.8190348674513092, 0.3406479448913349, 0.9196239908742605]
778,[0.8359347562810022, 0.3296547554893867, 0.9234576827744617]
779,[0.8371866026040714, 0.33268948487725764, 0.9250213999283399]
780,[0.815671056065808, 0.32381264374551155, 0.9427909521337299]
781,[0.8234640485879339, 0.3267725802013627, 0.9302455301650704]
782,[0.8104978895471368, 0.3424911622806661, 0.9188928771410505]
783,[0.8248366106310573, 0.32927250375341577, 0.9310171561845239]
784,[0.8196066799568177, 0.3320882541176334, 0.9299503688649376]
785,[0.812992982798218, 0.33796698584371504, 0.9166664595625462]
786,[0.8202029956248055, 0.34672307976261635, 0.9066666225682533]
787,[0.8247314661758549, 0.3394241216335277, 0.9159676815889762]
788,[0.8159047699725345, 0.3492228159565554, 0.9071703209758388]
789,[0.8286327941793487, 0.3289695726921259, 0.9305982334886637]
790,[0.8076236926555764, 0.34117180399811875, 0.9145329394771193]
791,[0.8307111482738433, 0.3169649899279252, 0.9411785041720883]
792,[0.8327206135706381, 0.3217481447566223, 0.9380561603142996]
793,[0.8314518228426916, 0.3335320681110411, 0.9226329348978288]
794,[0.8082241042224056, 0.3340258067797511, 0.9301494898178351]
795,[0.8340275972260187, 0.3242671497770961, 0.9360685982527173]
796,[0.823646692634895, 0.3313727395890285, 0.9242751410605449]
797,[0.8225966669950052, 0.3382960647707389, 0.9222644933552228]
798,[0.8270716667388984, 0.3343748236506367, 0.9168425318506024]
799,[0.8219465036943604, 0.33423814444632555, 0.9193459227909485]
800,[0.8150875509523151, 0.34683641881611266, 0.9099613692253936]
801,[0.8278697058158279, 0.33038398318461676, 0.9281703115956237]
802,[0.817107929096126, 0.3386606651128321, 0.9216353262374767]
803,[0.8188508445309587, 0.3361163566974769, 0.9202860801558026]
804,[0.8272930270073513, 0.32628287589747673, 0.9331082602033242]
805,[0.8246639295042614, 0.32894071195438457, 0.9355733063986843]
806,[0.8291541747892847, 0.3389121128097208, 0.9142756280453922]
807,[0.8213938638886672, 0.3352732709667528, 0.9224510154674239]
808,[0.8263440389808857, 0.3323497987802229, 0.9263143896978764]
809,[0.8483873388525647, 0.3248381873276363, 0.930333945672945]
810,[0.8389581094968958, 0.32016254961128354, 0.942709538895055]
811,[0.8389010592480741, 0.3317065335733533, 0.9193807067045572]
812,[0.8244651561640279, 0.3234013886877678, 0.931118045709701]
813,[0.8319443652468964, 0.3335298264390676, 0.9202083881957484]
814,[0.826875292664217, 0.33204317929877325, 0.9229591711908792]
815,[0.827876823029092, 0.3251135006785225, 0.9388453508379471]
816,[0.8338603828540639, 0.32104456669324244, 0.9392195131404321]
817,[0.8264312158357711, 0.32571138376208464, 0.938277982572116]
818,[0.8131924636698074, 0.33846527317949804, 0.924630692012011]
819,[0.8335581370110537, 0.33009495211899537, 0.9258034345575189]
820,[0.8250516162867458, 0.3261926289802216, 0.9337191773537237]
821,[0.824451570119302, 0.3355487262461271, 0.9238344837226714]
822,[0.8299382833259833, 0.3314431239613232, 0.9298354313020886]
823,[0.8217093685764162, 0.3383218238302103, 0.9157357595140231]
824,[0.820213604354963, 0.3357166653591356, 0.9215011046834599]
825,[0.8296231082518872, 0.3297506466786759, 0.9309058836550317]
826,[0.8258547143092896, 0.34131617790778734, 0.9190791933949056]
827,[0.823736842238892, 0.3348340905635204, 0.9267695642268906]
828,[0.826129933911981, 0.3288852266823987, 0.9343812193621772]
829,[0.8294563349367801, 0.342768681647134, 0.9085958756683544]
830,[0.8205187288049371, 0.3193297672267724, 0.9431743993658865]
831,[0.8219872968296148, 0.32876178099708675, 0.9304402083475466]
832,[0.8321522941581828, 0.319701669641793, 0.9363082648132505]
833,[0.8121283808595046, 0.34591107477969285, 0.9093385316183507]
834,[0.8227827055087265, 0.3367641552877072, 0.9137995706484178]
835,[0.8161718559336879, 0.33769320672809616, 0.923858239443758]
836,[0.8215454611531106, 0.32059751060954367, 0.9363456680262875]
837,[0.8232631338918314, 0.3246130241542183, 0.9368526331883125]
838,[0.8118330314541281, 0.33480529933866704, 0.9201174268847271]
839,[0.8161580935213193, 0.33041129318886503, 0.9317088271057836]
840,[0.8081121410683146, 0.34752506011550566, 0.9177463314501169]
841,[0.8348475955022999, 0.3208685494094375, 0.9374999825974594]
842,[0.8245392892868016, 0.33734828561962005, 0.9185226638922745]
843,[0.8234396572935523, 0.3359839850329329, 0.9224183335721924]
844,[0.8236425832697283, 0.3247056940476126, 0.9342868302098578]
845,[0.8116464144956256, 0.346133590683681, 0.9112647686241727]
846,[0.8205064960417119, 0.3327383478406482, 0.9280521009774523]
847,[0.831512572977512, 0.33779810649402014, 0.91673773915347]
848,[0.8083112577864033, 0.34413599953672414, 0.9153419484607295]
849,[0.8355138380183045, 0.3177856159811988, 0.9415086765813822]
850,[0.82340083152635, 0.3212838720017812, 0.9396826762114604]
851,[0.8222846274281028, 0.33557713383279036, 0.9186573451858123]
852,[0.8236015539060467, 0.33006593011555907, 0.9284995102363469]
853,[0.8341972996538554, 0.3082429538144452, 0.9541308563285399]
854,[0.8160412203771069, 0.3341646235528575, 0.9286517214328478]
855,[0.8328014027045466, 0.33319376052309974, 0.9158827734562962]
856,[0.8324616638933969, 0.3292129326377979, 0.9268794744383582]
857,[0.8162891306014202, 0.32741848230565407, 0.9393639995667855]
858,[0.8265470195811897, 0.32629998164671725, 0.9293156130018223]
859,[0.8020440350801655, 0.3348487928924054, 0.9251777989157549]
860,[0.8167204255232006, 0.3313455360351802, 0.9288013727651565]
861,[0.80876275400613, 0.3430209535640374, 0.9169256590201513]
862,[0.8288412254505094, 0.33538426800171794, 0.9191432597473698]
863,[0.8241013546110776, 0.3319400240305916, 0.9213591265225117]
864,[0.8344268341727954, 0.3287543053179023, 0.9192809633420942]
865,[0.8218372850240612, 0.3367852672717459, 0.9178720067285926]
866,[0.8012934412265608, 0.3272579331585866, 0.9405548175536352]
867,[0.8271106056603532, 0.32108421280237426, 0.9389641187053522]
868,[0.8202419459468868, 0.3345535602483443, 0.9285494522578691]
869,[0.8293636941586279, 0.323093266559627, 0.9361666561897307]
870,[0.8087407080255005, 0.346295578819994, 0.9163681153652665]
871,[0.8351588387643364, 0.31787596272438906, 0.9375050789216998]
872,[0.8274808221397743, 0.3192905747016267, 0.9402813739387595]
873,[0.812417723068962, 0.34189615447835847, 0.9174236374263653]
874,[0.8169978663309952, 0.3314436135535812, 0.931781231319943]
875,[0.8028479500415475, 0.3466789401067573, 0.9125637299680582]
876,[0.8137068699203003, 0.3492425812052021, 0.9063984653412702]
877,[0.838860513210225, 0.3203076843230642, 0.9366730617303335]
878,[0.8262865136762367, 0.3324294490157891, 0.9309661740153071]
879,[0.8159686482332705, 0.33547917126400706, 0.9268202729644852]
880,[0.8341883519862953, 0.3216884149331822, 0.9396079849006154]
881,[0.8136785665160862, 0.32678191666878836, 0.9397795719925421]
882,[0.8215038071331442, 0.3228703331999931, 0.9384999920651529]
883,[0.8273100797138829, 0.32156934407623755, 0.9383986052316674]
884,[0.8337454603717409, 0.31910505158258434, 0.9373443496832452]
885,[0.8162540162019627, 0.34609621156219383, 0.9096528280902105]
886,[0.8145852088523883, 0.3463863524650128, 0.91359277654457]
887,[0.8185373871228158, 0.3340670007047115, 0.9253202609335114]
888,[0.8285109501292324, 0.32442383088397514, 0.9302032949431616]
889,[0.8128236524308281, 0.3447292157771933, 0.9124249311113429]
890,[0.8130987265006392, 0.33899435949893714, 0.9263217879115727]
891,[0.8325502655203171, 0.3310311433180094, 0.9212893180312047]
892,[0.8332913061369239, 0.31814921529962853, 0.9402316941011736]
893,[0.8264562217728978, 0.32967337112752976, 0.9304841135744157]
894,[0.8222692061206391, 0.3261566686173275, 0.9326059498312121]
895,[0.8248237380617436, 0.335081489611055, 0.9277931829182765]
896,[0.827220302257269, 0.3197815422125242, 0.9373286453499933]
897,[0.8310835432842973, 0.33328002990997885, 0.9216756360582394]
898,[0.8417604078699804, 0.31740591753179526, 0.937794671583084]
899,[0.8337803478992768, 0.3356395368250234, 0.9172036535236391]
900,[0.8030356760903943, 0.34456048797802064, 0.9179614851645705]
901,[0.8278047193554449, 0.32180695724175196, 0.940179372309445]
902,[0.8226854238372822, 0.33780886580748487, 0.9217688191196198]
903,[0.8246353875034494, 0.3427082449946782, 0.915449072774039]
904,[0.8215275878808483, 0.3323382776451329, 0.9252677920212049]
905,[0.803898891496135, 0.35018400417007056, 0.9088402830738508]
906,[0.8215123889906193, 0.3367216860329823, 0.9242753747071608]
907,[0.823674956045443, 0.3324282843787862, 0.9216345225230375]
908,[0.8217144953336539, 0.3325733442387078, 0.93026382203369]
909,[0.8096041764314512, 0.33980565680601726, 0.9237079551040445]
910,[0.8347359613378749, 0.32716981122155303, 0.9268432834370474]
911,[0.8237098283663608, 0.3365572248256953, 0.9229453197189477]
912,[0.8353293220412903, 0.3268283793017495, 0.9333570225031391]
913,[0.8112081625828967, 0.34121608991491487, 0.9148533185645004]
914,[0.8255686301110502, 0.3207939196319265, 0.9414390480974117]
915,[0.8266977934695582, 0.32572018391397084, 0.9373869335895527]
916,[0.8182799838328999, 0.34443962601346007, 0.913333074412441]
917,[0.8247020124897212, 0.3251455552693333, 0.9346684024463838]
918,[0.816142235729087, 0.3461102612522973, 0.909710839294105]
919,[0.8275407875038927, 0.32966062374474003, 0.9264194233128713]
920,[0.8123489228894222, 0.3406417364767898, 0.9231221006601105]
921,[0.8200736956423805, 0.3402062836719655, 0.9141105264984539]
922,[0.8062577023833639, 0.3360089719491959, 0.9305216662212764]
923,[0.8182630083926082, 0.33554878718936415, 0.9245328267416033]
924,[0.8248211276199423, 0.32947662890606827, 0.9341369908281758]
925,[0.8251784731950353, 0.3224840282894946, 0.9375071633273389]
926,[0.8184987275208813, 0.3371135949120997, 0.9184309452941744]
927,[0.8301358551916028, 0.34031063070051915, 0.9077852548993193]
928,[0.8203822975603744, 0.3421442438831677, 0.9202080759004709]
929,[0.8301818291465436, 0.3292898597325269, 0.9260368957779541]
930,[0.8273265717701548, 0.3220629421405551, 0.9385114650486984]
931,[0.8258180513522948, 0.32659762618121485, 0.9359572849962987]
932,[0.8141741858396687, 0.3375521491162469, 0.9242637231688964]
933,[0.8207764488989691, 0.3368913666938917, 0.9207938218305382]
934,[0.8290280648092113, 0.3263138180798065, 0.9373350682567483]
935,[0.818993070637184, 0.3351762576444586, 0.9229804237521847]
936,[0.8334396019466128, 0.32691200831218886, 0.9310092285625334]
937,[0.8314733800762769, 0.3138086221687576, 0.9421050107252953]
938,[0.8148070228883373, 0.3268385735614658, 0.9374356389258471]
939,[0.8127586589099622, 0.33102636269381347, 0.9349841934574619]
940,[0.8029449345564982, 0.35140347134245975, 0.9108485501948825]
941,[0.8176826673709188, 0.3414510837150345, 0.9189618389702786]
942,[0.8314607677285617, 0.340700674962117, 0.9151851747286136]
943,[0.8286813937034622, 0.31981067381992, 0.9397605439244355]
944,[0.8202280169380074, 0.32702912499840503, 0.930877012543562]
945,[0.818277040589971, 0.32871956912092526, 0.9367663069387377]
946,[0.8152281212092093, 0.330788152158425, 0.9294358647122098]
947,[0.8357962006472038, 0.3129366428107813, 0.9459416780633294]
948,[0.8313300984090013, 0.3263284733679112, 0.9337039701975168]
949,[0.8066654333615277, 0.334614823188536, 0.9313957417283537]
950,[0.8285320356995858, 0.3265287825906536, 0.9299074925602538]
951,[0.8324451322049968, 0.33275148859804227, 0.925096927298997]
952,[0.8318848723036973, 0.3170766473435729, 0.942680208221896]
953,[0.8290732054218483, 0.32995701721903004, 0.9286595803277925]
954,[0.8456713783000924, 0.3155798261906714, 0.9398252031959207]
955,[0.8258864355011314, 0.332441709209935, 0.9241127589570128]
956,[0.8260715101151356, 0.32714951556011157, 0.9288418091644542]
957,[0.8194917779527114, 0.32629120437970427, 0.9387338576841263]
958,[0.8148369342277876, 0.3346745314259186, 0.9248988072873566]
959,[0.8280052392082851, 0.324439151334393, 0.932792544996408]
960,[0.8406625839222455, 0.3178950133990847, 0.9381979608398381]
961,[0.8162963903256754, 0.3375565480363906, 0.9183753855097324]
962,[0.8138603809079564, 0.3290634770253313, 0.9366584076243186]
963,[0.8194305503860246, 0.3328921506572468, 0.9264432738386172]
964,[0.8306194719057048, 0.328437397617413, 0.9260485750634091]
965,[0.816221017617994, 0.34932590612356335, 0.9052263140976473]
966,[0.8212370281027799, 0.3366171348307142, 0.9250620097151778]
967,[0.8083053507787502, 0.3334222605701606, 0.9277518479178036]
968,[0.8355173734266668, 0.3257409069611641, 0.9310674787085226]
969,[0.8216572681939202, 0.3320728565427725, 0.9277289801794638]
970,[0.8273836003021291, 0.31930856718223366, 0.9425229068965512]
971,[0.8132289633084766, 0.3341356257075678, 0.9237058623285345]
972,[0.8150901984342286, 0.3313154098038755, 0.9312361967259865]
973,[0.8217330043621065, 0.3315384169807077, 0.9295201682779031]
974,[0.8258035324269564, 0.3252053335301326, 0.9329198737432263]
975,[0.8298515236622385, 0.3267466536530852, 0.9297808264615521]
976,[0.827871520744268, 0.3278593347137226, 0.9278800246057308]
977,[0.8031337493610211, 0.34073185173250664, 0.9257008477786252]
978,[0.8133948849756321, 0.33745390263195496, 0.9227079648076378]
979,[0.8383933905533214, 0.3258834661814524, 0.931457090357717]
980,[0.8228830459468716, 0.32376649949315645, 0.9382413675787532]
981,[0.8249079875436816, 0.3202748609174338, 0.9430814692993781]
982,[0.8434613369900009, 0.3204729429956043, 0.9378134522601309]
983,[0.8119916630782772, 0.33303444872708227, 0.9307156506427187]
984,[0.8236292888452622, 0.3264978741366507, 0.9319303757080052]
985,[0.8177105461587066, 0.334148233423179, 0.9288063936090886]
986,[0.8362126369740573, 0.3238299247059638, 0.9355994185898603]
987,[0.8130999588140327, 0.33700705138051573, 0.9232283002176048]
988,[0.8317479734084047, 0.3296072475662457, 0.9369269956314096]
989,[0.8379350002499077, 0.30979285422539166, 0.9482834524749202]
990,[0.8286648091021775, 0.327338656721585, 0.9326957513201787]
991,[0.8251471323266524, 0.32722668714956926, 0.9346205314525788]
992,[0.826131606183028, 0.3216909662073666, 0.9360218031411212]
993,[0.8314656186627932, 0.32789237527885395, 0.9354407837108502]
994,[0.8246307136823473, 0.3303160222266631, 0.931307974293358]
995,[0.8295560861885746, 0.3277898487793299, 0.9299146484877258]
996,[0.8107114857779633, 0.34162380193046993, 0.9161344844521171]
997,[0.8120306847557678, 0.3186971027796215, 0.9460538886470121]
998,[0.8156033005929967, 0.34339822223425137, 0.917063625781153]
999,[0.8111327387268765, 0.32874909689549814, 0.9323099911444986]