
0,[0.9960155081213024, 0.5024308517240496, 0.4988573740462442]
1,[1.001791382301192, 0.4988282697504251, 0.4991899347263838]
2,[0.9899896564574662, 0.5045139118122812, 0.4999592503949186]
3,[1.0074087302174395, 0.4980751721474358, 0.4968422119173462]
4,[1.0062858802293304, 0.4988761485251925, 0.5000736896823462]
5,[1.004344976248826, 0.49889148639555764, 0.5011304072495318]
6,[1.000417809746979, 0.4994547053520713, 0.4997159903239448]
7,[1.0005158796101097, 0.5005703773371523, 0.4994372758618465]
8,[1.004763063243931, 0.4960488860098468, 0.5020878462374153]
9,[1.0145979293574556, 0.4960453789408343, 0.5001325806047332]
10,[1.0037456113245136, 0.4992369396010379, 0.4998338340725141]
11,[0.9954472663143903, 0.5027263029359577, 0.49639939142986883]
12,[1.006846708432442, 0.4966603826722405, 0.5012777313278068]
13,[0.9975995655500083, 0.5012347817659084, 0.4983242690930793]
14,[1.0044508600637072, 0.49909418327391, 0.49888977571016097]
15,[1.0038063747669557, 0.498681310143903, 0.5028643385076135]
16,[1.0004870037058677, 0.5009512723060813, 0.4991210661347556]
17,[0.9991956562597797, 0.49921366129049227, 0.49760008360395136]
18,[1.0018834834222898, 0.5012937079643327, 0.4999820162801866]
19,[1.0072722702296562, 0.494457547073019, 0.5011827426380158]
20,[0.9976500803367272, 0.49962744533700315, 0.4998662901471254]
21,[1.0023988302135804, 0.5015655053392941, 0.4984416879236084]
22,[1.0061307801484474, 0.4986135737536216, 0.49885476001778173]
23,[0.9987413191214146, 0.4989915941218699, 0.49808734689794104]
24,[1.0065538780109353, 0.49593650072127676, 0.5018460125851948]
25,[1.004032556901655, 0.49853366048318026, 0.5008981242185034]
26,[0.9897441149156139, 0.5054074052006108, 0.49732250958546126]
27,[1.0025305558464872, 0.4990102744702055, 0.5014498084636798]
28,[0.9960279205684252, 0.4981162030097621, 0.49875130186605127]
29,[1.0009896530683928, 0.4992474799990218, 0.500507729454055]
30,[1.0111161485645714, 0.4975525055036067, 0.49942792515643863]
31,[1.0070047113458784, 0.49628904961264186, 0.49917451900802745]
32,[1.0009311786241728, 0.49788870896246645, 0.5000613192793298]
33,[1.0033608660279991, 0.4986793243910827, 0.5017862380589687]
34,[1.0055675750818045, 0.4980123763652958, 0.5001890046027123]
35,[1.002385837709933, 0.4974476852474186, 0.499945219449662]
36,[1.0073093122974905, 0.4988099289233034, 0.49695322173759787]
37,[0.9914970621574143, 0.5005850826784185, 0.5018749725382946]
38,[1.0142999104663986, 0.49450240354058833, 0.500418440873129]
39,[0.9975690601530948, 0.4995297292243469, 0.5008387214387735]
40,[1.0027795153381875, 0.49711836279406924, 0.5020678876472824]
41,[1.0044877762178799, 0.4993255891387684, 0.4988264527096539]
42,[0.993991197381025, 0.5046952551704976, 0.4987642145032809]
43,[1.0032015268533832, 0.497456412446773, 0.49720993321286183]
44,[1.006535760966658, 0.4969980243763116, 0.49986765376448555]
45,[0.9887477585657974, 0.5028682039745438, 0.5018832565638845]
46,[1.0058263930315265, 0.4995264134107519, 0.4995316741982581]
47,[1.001084338245216, 0.49845515200012686, 0.4994881150752871]
48,[1.006337487365761, 0.498003145798972, 0.5017400369448352]
49,[1.00779804722207, 0.5011824697042514, 0.49698973114356726]
50,[0.9952715697355194, 0.5038084289128965, 0.4982703477823694]
51,[1.0013782541439342, 0.500970893177742, 0.49802972172089244]
52,[1.0052888427367606, 0.4972224804946946, 0.497951677343376]
53,[0.9983020699907394, 0.49803174937190886, 0.5023974283600019]
54,[1.005202130804604, 0.5000755789356159, 0.49899140241242174]
55,[1.0001943310569033, 0.5017316355168112, 0.4995435791954243]
56,[1.001496388683581, 0.49979795030769886, 0.49879211350018055]
57,[0.997241519547237, 0.5014643099652649, 0.501565579143694]
58,[0.9996546969226764, 0.5002167050630112, 0.5017167547467072]
59,[0.9971865364054806, 0.5020897128239007, 0.49904154339509]
60,[1.0036004127518536, 0.4985089937546403, 0.4998863755120363]
61,[1.0048271298451175, 0.49746297933270106, 0.4997663773758671]
62,[1.0032038618866626, 0.4963054331690352, 0.5027227485526591]
63,[1.0050712400114246, 0.49514442169939393, 0.4998986278870156]
64,[1.0042104259997409, 0.49979931498791913, 0.49846467356196117]
65,[1.0049072982635772, 0.49995397943652803, 0.49800939057254484]
66,[1.004242105423963, 0.4992558103486229, 0.49834946802732244]
67,[1.0176863341333635, 0.4963055203587326, 0.4970098295485881]
68,[1.0004370738332231, 0.4986337112628432, 0.502940244696686]
69,[0.9902097822556456, 0.502865034695956, 0.5002083438526536]
70,[1.0115359984719108, 0.4982105987657779, 0.5007679398150945]
71,[1.0022433833469488, 0.4986151100437172, 0.5039357373845443]
72,[0.9938065262572398, 0.5017410433979212, 0.49943445424174565]
73,[1.005731949531169, 0.4952556063937239, 0.5002903256624666]
74,[0.9970750991253939, 0.49515754551938973, 0.5037198385916011]
75,[1.0025142691316464, 0.49881928835095146, 0.5014749935678178]
76,[1.0043001704915806, 0.49563083676247904, 0.5018148784864318]
77,[1.0086284393852638, 0.4949610034293866, 0.4994214733916165]
78,[0.999236280776195, 0.501279177053848, 0.49797302928794096]
79,[0.9987996853140282, 0.5017551276845967, 0.5001312485101069]
80,[0.9917653739898422, 0.5002849263235035, 0.5000584065990438]
81,[1.0071351763336507, 0.49999476822538813, 0.49803706423448235]
82,[0.9989489937556251, 0.49536231269644854, 0.5009949183744314]
83,[0.9968687806995524, 0.5006658375544923, 0.4996370885635621]
84,[0.9971003997543627, 0.5037766893314104, 0.4990887930932812]
85,[1.008855110239046, 0.49604028350002904, 0.5009626877548995]
86,[1.005211088993748, 0.49854547485245665, 0.4986074280273515]
87,[1.0027184648453376, 0.49688073420079426, 0.5030687738422563]
88,[1.0032890891326578, 0.49702291725608455, 0.5009116193228315]
89,[1.0039641781166182, 0.49786761206674673, 0.5005909839428861]
90,[1.0006459038091151, 0.4990574071545628, 0.4985488128988144]
91,[0.9873601269161624, 0.5044610290609999, 0.49989749554705787]
92,[1.0001242221305577, 0.5034618962631834, 0.496971087684031]
93,[1.0034890896115465, 0.4998665394835124, 0.5002975425373755]
94,[1.0054202110657502, 0.4963812171072802, 0.49990967650172846]
95,[0.9979724385074812, 0.5006324116999448, 0.498214608884502]
96,[1.0113453143207576, 0.4954295122814462, 0.500273840465601]
97,[1.0042146648254913, 0.49971811515348086, 0.499930621575361]
98,[1.000926912373701, 0.49719679324995986, 0.5018320937586901]
99,[1.0030821419047318, 0.4980961428009489, 0.49801174569532847]
100,[0.9964530071290788, 0.49554257546422464, 0.5013649115696672]
101,[0.9936164737841406, 0.5030020604846095, 0.4989800201124603]
102,[1.0010430197713869, 0.4996006101660607, 0.49806750810482536]
103,[1.0030456880320724, 0.4993864867312378, 0.499792875545814]
104,[1.005971692636483, 0.49789480121524243, 0.4998966920652298]
105,[1.0101250715516779, 0.49763254251447514, 0.4983567873415139]
106,[1.0003090543867437, 0.4975894577010489, 0.49818741338951456]
107,[0.9938706013872707, 0.4994472764948848, 0.5013350495170332]
108,[1.0093756460631318, 0.4975763010078051, 0.498075766694838]
109,[1.0055659518635058, 0.4981046231407344, 0.5005805018376475]
110,[0.994502810567683, 0.4998367062307351, 0.5009895375632619]
111,[1.0014975037369025, 0.4971105112765845, 0.4999049945731432]
112,[1.0091445092822275, 0.4970302590061306, 0.5002811426549366]
113,[0.9904625698665114, 0.5038732917732848, 0.5002601635313607]
114,[0.9953693355556252, 0.5039504183790008, 0.5020900825598673]
115,[1.0022520781058888, 0.49986701119827043, 0.5006760560081881]
116,[0.9989655984841326, 0.4985389772059034, 0.5018384402860618]
117,[1.0024558358231421, 0.5006130537799337, 0.49918166564590194]
118,[1.005539726873927, 0.49938098283085164, 0.4988625857342214]
119,[1.0045826961890243, 0.49676583897595766, 0.5011671291540988]
120,[1.0024510583983877, 0.49829730837074904, 0.5000653102849192]
121,[0.994393478239073, 0.49992763192053014, 0.49794115414654755]
122,[1.0013876560970045, 0.49444288469228387, 0.5018453402495067]
123,[1.0003291612946499, 0.4995196967490618, 0.5003829523380037]
124,[0.99579288475524, 0.500521401689778, 0.5021824687338056]
125,[1.0060190414348549, 0.4981130536814671, 0.5023720761491168]
126,[1.0034293909728311, 0.49798234687169013, 0.4998261552319031]
127,[1.0136562264136177, 0.49678889746594546, 0.4981403814445437]
128,[1.010689862950811, 0.49868551040577863, 0.49696160607508616]
129,[0.9954872670021285, 0.49923513107874673, 0.5015637697611843]
130,[0.9911631997446544, 0.5054258909368867, 0.4990754829678013]
131,[1.0021680893037759, 0.49793497080408433, 0.5004717242775499]
132,[1.0089870655888313, 0.4971596452760707, 0.5000611379914756]
133,[1.0135338403474887, 0.49579947127519547, 0.4999823486710052]
134,[1.0032758488724185, 0.4990581601910032, 0.4954623670053702]
135,[1.006640815269462, 0.49606197116236944, 0.5038884014359302]
136,[1.0044965783884026, 0.5009293397080103, 0.502927632621643]
137,[1.0014080193034638, 0.49656341551069966, 0.5023182117767139]
138,[0.9988082183147939, 0.5024710920591318, 0.5002554940760032]
139,[1.0054526069360512, 0.4979775830999398, 0.49951358631142817]
140,[0.997623984542746, 0.49759129916610734, 0.49769848951290174]
141,[1.0182795481884823, 0.4963247699597322, 0.4974615716216341]
142,[1.0028565302493107, 0.49881682514310444, 0.5011226922429988]
143,[1.006167476095312, 0.4977206655366024, 0.49933869746388426]
144,[0.9988172561435281, 0.5013910936144644, 0.49975202933027196]
145,[0.993602867305972, 0.5025472507582555, 0.49776104455915116]
146,[1.0008523080126364, 0.49802936497956174, 0.5011359784246523]
147,[1.0021373823434447, 0.4984533328092014, 0.49941715191391556]
148,[1.0005353957352328, 0.5012621155628778, 0.499423382126546]
149,[0.9964369555814899, 0.5019336170257577, 0.49892299319084593]
150,[1.0013501458845644, 0.4993102915417811, 0.49678525321134986]
151,[0.9957381900500784, 0.5015103927822048, 0.5005270868332198]
152,[1.0008619985434173, 0.5013437322468599, 0.49852971518592926]
153,[1.0089843505884821, 0.4978743198151367, 0.49990430973317335]
154,[1.0066027414818384, 0.49653910610282814, 0.500745887973747]
155,[0.992404662421993, 0.4995011412683026, 0.5017626885718912]
156,[0.9999619891815498, 0.4993219471846809, 0.499035258015348]
157,[0.9925669585230922, 0.5000016720243196, 0.5015899909245947]
158,[1.0088066306617602, 0.49833351673491716, 0.5021157588469808]
159,[0.997413665209999, 0.5007680026390445, 0.4981739261758617]
160,[1.0090493760410153, 0.49861360905202934, 0.49775636301716425]
161,[1.0009083309737323, 0.5024151730212003, 0.49850209746192403]
162,[0.9862233550351346, 0.502624737175866, 0.5006070211369901]
163,[0.9934851856348736, 0.5007638524947521, 0.49950763707404366]
164,[0.9928344543347537, 0.5025650943165622, 0.5005673758027995]
165,[1.0005612513075062, 0.49790628145600285, 0.5008448801115509]
166,[1.005609759947703, 0.5002372665954286, 0.49795602900097025]
167,[1.0022556953312534, 0.5010475263115238, 0.5005952634845676]
168,[0.9967468871355468, 0.4989018083660848, 0.5005644302697378]
169,[1.0013917043268776, 0.49730974624648233, 0.5006537013204784]
170,[1.0106507250624688, 0.4986883982623582, 0.4997111969789884]
171,[0.9996314263363673, 0.4961163051612881, 0.5021025408965614]
172,[0.9895791167388459, 0.4998244958071713, 0.49910267271311015]
173,[1.0114368140388645, 0.49917641839079374, 0.5001286566761846]
174,[0.9972185271665477, 0.5014187920215951, 0.49839468101003925]
175,[0.9960659722297786, 0.5009761857912063, 0.5011159865584118]
176,[0.9987264339528926, 0.49850079950952636, 0.5015176364418752]
177,[0.9989369536257144, 0.498830881276227, 0.4991992479341426]
178,[1.0029672031135526, 0.4986845003770601, 0.4977178423631597]
179,[0.9931511720255152, 0.5009652521625738, 0.4974568203220127]
180,[1.0034313993816446, 0.4987778129863341, 0.5000182100289918]
181,[1.006047434840302, 0.5007447481211554, 0.49912142785276337]
182,[1.0068450025652544, 0.4962255618043271, 0.5004825878275535]
183,[1.0135183629691358, 0.4949563689457133, 0.5008191656973462]
184,[0.9968468355597735, 0.4995668248051111, 0.5020077959436497]
185,[0.993697646225005, 0.4973363431364246, 0.49930961607886615]
186,[1.00899238340765, 0.4971633353283885, 0.49973626900256235]
187,[1.008297441677585, 0.4961770341082966, 0.5011136359021228]
188,[0.9984206816461577, 0.49898905931576865, 0.49825390623046045]
189,[0.9928692611510261, 0.5004471567455325, 0.4997265085126008]
190,[1.0089518800413444, 0.4972523486567565, 0.5025256334056679]
191,[0.9980260331570763, 0.4992536801652129, 0.5017936601825365]
192,[1.0096404864750053, 0.4965130151169481, 0.4997884288262395]
193,[0.9995037693859986, 0.500546758807744, 0.498496679021207]
194,[0.9994535555964635, 0.5012149472529441, 0.500530959458574]
195,[0.9983381962202993, 0.49813966180292196, 0.5013142701460913]
196,[1.0017841074153404, 0.5013712685182271, 0.5017692400846174]
197,[0.9974104592783897, 0.5021559821108298, 0.4990892994873866]
198,[0.9980068921260841, 0.5035325839491267, 0.4998516481819504]
199,[0.9983262965655324, 0.4981642181501523, 0.501332308839087]
200,[1.0039005769814058, 0.4990827504461025, 0.4980460867509096]
201,[1.011278788201755, 0.4961577241646485, 0.5000849066440824]
202,[1.004005746620161, 0.497044843831723, 0.502440827093982]
203,[0.9996904360928349, 0.5023928533207328, 0.5020387866476783]
204,[1.0072343500920224, 0.5001904350731275, 0.49716411141524874]
205,[0.9957346837948388, 0.500660084103303, 0.5026684293577242]
206,[0.9993745262013702, 0.5012545008822301, 0.4999012672060892]
207,[0.9976772630907087, 0.4976404576659889, 0.5011029815012376]
208,[1.0039884771329617, 0.49703141877715806, 0.5004491694547302]
209,[1.0095865269587954, 0.49864821141270227, 0.49871316488503464]
210,[1.0086215139426031, 0.4965038713368461, 0.5027866566968778]
211,[1.0096250027073577, 0.4984810922392225, 0.4988897392244515]
212,[1.0087306809884753, 0.4959854962059816, 0.49995700889121236]
213,[0.9933928184241966, 0.5029736055680321, 0.4979915626602222]
214,[1.0021408851179292, 0.49861466863127635, 0.49810786684995534]
215,[0.9953886548208299, 0.4975715406219864, 0.503024324076548]
216,[1.006695810656467, 0.49615955830770647, 0.5011054357685469]
217,[0.9990816413886342, 0.4991704775588196, 0.501033999484423]
218,[1.0062080024361069, 0.495679289757711, 0.5033758293973736]
219,[1.0032033937981617, 0.499672796608158, 0.5002956639771535]
220,[1.0051396781915674, 0.49830833016772397, 0.5018215914130086]
221,[1.0072326332016388, 0.5011350820314234, 0.4981485878054075]
222,[1.0072392674053923, 0.49779543600213555, 0.4983355977906532]
223,[1.0029624655760863, 0.4998175400816133, 0.49968967070811837]
224,[1.006188786415252, 0.49618511542205035, 0.49983430577168875]
225,[1.0073760078185465, 0.49777385931427726, 0.49703616153082525]
226,[1.004159887466157, 0.49973705786533223, 0.5005219810401559]
227,[1.011202884671147, 0.49812278682332944, 0.49970947682970157]
228,[0.9976351753082832, 0.49925376472613686, 0.5005455987449429]
229,[0.9954840464929833, 0.5029225789726802, 0.498900418223467]
230,[0.9998689948427837, 0.4988998215752286, 0.499007115216301]
231,[0.9989374396639064, 0.49846773318683396, 0.5015930081402185]
232,[1.0019686755528956, 0.49967428199386593, 0.5005315980774759]
233,[1.0091633076496795, 0.4968317840810178, 0.4983708806359363]
234,[1.0072906996758038, 0.4971326961392735, 0.5015437827580834]
235,[0.9966503463805091, 0.5059079826891857, 0.4997569103080493]
236,[0.9965546913280579, 0.5004469419758305, 0.49795169327845673]
237,[1.005650565508883, 0.4997068120495065, 0.49763816647619313]
238,[1.00576386769684, 0.4969647477706553, 0.5009648007980092]
239,[1.0007694740163933, 0.5002495110166122, 0.4965813889441593]
240,[1.0082409381570039, 0.4968801958535489, 0.4985292514705064]
241,[1.0033102908947376, 0.5004070418132353, 0.4988744649185432]
242,[1.0026081396514814, 0.49935966192043985, 0.4983228086316569]
243,[1.0051655713904992, 0.4985617622647457, 0.5005149667540371]
244,[0.9986000095313764, 0.5004174743972194, 0.4998381397285623]
245,[1.0041246665087291, 0.49758948087654037, 0.5016069800962353]
246,[1.0055213949321682, 0.49815395681936986, 0.5002889130365018]
247,[1.003153775194563, 0.5004996886293377, 0.4996329012574112]
248,[1.002913567810648, 0.4999689458626429, 0.5000244803452737]
249,[0.9997307830480442, 0.5001434005272007, 0.49853757265660664]
250,[1.0033423809640678, 0.4994265788549925, 0.4983789152456658]
251,[1.0116679441183023, 0.4951045410370341, 0.5006291446661146]
252,[0.994883705836625, 0.5033939393073271, 0.5003470276493949]
253,[1.0018883157901666, 0.49990358334196244, 0.5031700165737094]
254,[0.9981351835144985, 0.5006183474153076, 0.49843140534591]
255,[0.9972922708783727, 0.5017129148752211, 0.4992820287584639]
256,[1.0015364781816292, 0.4976112603728111, 0.5021500222197002]
257,[0.9990803504735162, 0.5005956285502283, 0.5003082254134692]
258,[1.00137618178071, 0.49855092779526466, 0.4987631459900039]
259,[0.9976454752842845, 0.502216707144691, 0.498309069862015]
260,[0.9967450113262725, 0.5000609717116251, 0.5022503799950143]
261,[1.0002957405518964, 0.4973321097658633, 0.49567476304531016]
262,[0.9988485195322455, 0.5002895311274158, 0.5005693049734047]
263,[1.0022245081887804, 0.5009383247270142, 0.49917880748472543]
264,[1.001849754367555, 0.500591950314687, 0.49909655522719076]
265,[1.0026238241987482, 0.499246864098347, 0.49969944466737803]
266,[1.0068146774384836, 0.49746549069945806, 0.49856247176875107]
267,[1.0053156970316959, 0.499724749635011, 0.49840182784506815]
268,[1.0020898544116696, 0.4985922593752911, 0.503765664739246]
269,[1.0027344632359623, 0.4992420052512248, 0.4989381895347079]
270,[0.9992577983696103, 0.5007344253678144, 0.5015494585458904]
271,[1.0026223290729739, 0.4952795569451921, 0.502480955517323]
272,[0.9971872815323929, 0.5017854253816204, 0.5001221392947229]
273,[1.0135304649614767, 0.49580714063330733, 0.49885593159938346]
274,[1.0065594178450286, 0.5000811599705145, 0.4995258670138342]
275,[1.0027589406295223, 0.4985889898740946, 0.4997662869596117]
276,[1.0011797541800704, 0.502866905782312, 0.4968811663627702]
277,[1.0012043348019928, 0.49997204820312074, 0.49902032996900203]
278,[1.0034821048227764, 0.4993239179520802, 0.4983904546040685]
279,[0.9967121871672436, 0.5011156380188434, 0.5003440085052082]
280,[1.0091851225425583, 0.4981516965188359, 0.5014253487334602]
281,[1.0110545721106496, 0.49466904081511986, 0.5003616295084293]
282,[0.9971471280153928, 0.49930122826537754, 0.4994995764032051]
283,[0.9988126950871967, 0.4976394283958047, 0.5049239919623167]
284,[1.0119105416435668, 0.4996384034063772, 0.4978495540030763]
285,[0.9956598220493075, 0.5044985368915212, 0.4993830705740436]
286,[1.0057621655721387, 0.49797474762499183, 0.49768343347008026]
287,[1.004909802282298, 0.5007995866975427, 0.501404342992103]
288,[0.996728359006689, 0.49861981110307857, 0.501773885423335]
289,[1.0078314642038295, 0.49753848237397635, 0.4995110436661852]
290,[1.0057076788580541, 0.49562146447940064, 0.49918809679539367]
291,[1.0019223728637576, 0.4998942965301192, 0.49928763833977746]
292,[1.000067002186471, 0.49663368194316665, 0.502288113953385]
293,[0.993485374861789, 0.4988671603557673, 0.5035627713801091]
294,[1.0029241801627164, 0.49641100695261925, 0.5014130992342682]
295,[1.0108521859244073, 0.4960172062286748, 0.4980250507206311]
296,[0.9993175547187797, 0.4994063415143282, 0.49903712933381617]
297,[1.0036730795317834, 0.49944697925277703, 0.4986865059552699]
298,[1.01226348833685, 0.4938709508192517, 0.5013739846574431]
299,[1.0073143145085166, 0.49534078526604747, 0.4996536403808528]
300,[1.0091147898191353, 0.4984171554022324, 0.5010455351576604]
301,[1.0059705406854982, 0.49570260144485867, 0.5019977302447828]
302,[0.9986232377927516, 0.4969635887995306, 0.5001008519239422]
303,[1.011625540383977, 0.49706424010032124, 0.4993838840017834]
304,[1.0037097271368103, 0.4980646914423527, 0.49903414004270064]
305,[1.0001783586001616, 0.5004425365976461, 0.4975762978232676]
306,[1.0009971137862725, 0.49770425016676645, 0.49811239544300373]
307,[1.0044815164096916, 0.49642566984138164, 0.5028903014994794]
308,[0.9984697890095184, 0.5010330887080682, 0.4995917169834538]
309,[1.0052873601672383, 0.4945222650707266, 0.5032541607495824]
310,[1.0212168015437177, 0.49679474657931266, 0.4988321443829751]
311,[1.001666835705246, 0.49684923487898264, 0.5022468371458048]
312,[0.9904272449782376, 0.500707548509035, 0.499414403690913]
313,[1.0011649311696769, 0.4988110209767952, 0.502386561651765]
314,[1.0066659467528334, 0.49581700265034423, 0.5011165333735185]
315,[0.9981438913076124, 0.4998248796264564, 0.5004613207409812]
316,[0.9977397142694777, 0.4999547402958697, 0.4983447973447045]
317,[1.0045173722195435, 0.49715474434465823, 0.5001111732870611]
318,[0.9972989567489571, 0.4995272817805863, 0.49902236378860865]
319,[0.9989607691218567, 0.5001719263356775, 0.4988434077544874]
320,[1.0014665150230653, 0.5011143637167214, 0.4968362327838623]
321,[0.997890399293694, 0.49917595843130463, 0.5001667155914289]
322,[0.9995308638341632, 0.499284442755493, 0.4970524448916083]
323,[1.0022261091381195, 0.4983444632723372, 0.5010720369122954]
324,[1.0031821373783476, 0.5009928960718935, 0.501475273944505]
325,[1.0041244025329135, 0.49988146182360904, 0.49989231248640204]
326,[1.0022353495449003, 0.5002611527876917, 0.49854757288308793]
327,[0.9981753190564078, 0.5009543984322319, 0.49932223047290797]
328,[1.0049838345639857, 0.49445099808854664, 0.5011906603915313]
329,[0.9997293477426367, 0.50123006890336, 0.49864053426210686]
330,[1.0053973035600854, 0.4971811993894436, 0.5012118722493254]
331,[1.0117136266095372, 0.49763142626993834, 0.4980603655941601]
332,[1.0019425236838488, 0.498441566263355, 0.49988383141308995]
333,[1.0060449218329592, 0.497657629389677, 0.49964340671319807]
334,[1.0072046630409228, 0.5001070112563573, 0.499550054544242]
335,[1.0043473834450678, 0.49854884790710097, 0.5017165795922097]
336,[0.9979902490758341, 0.4967436472791885, 0.5023512132151541]
337,[1.0114286215460648, 0.4969811170413407, 0.4987818569555364]
338,[1.0011362358174343, 0.4993149626508676, 0.5009875899253156]
339,[1.0019313050516567, 0.49786660040845665, 0.5015875766283643]
340,[1.0013888934325141, 0.49605401387557213, 0.5037998314497388]
341,[0.9914779726698246, 0.5044476987155998, 0.5012890601414788]
342,[1.0001968375899961, 0.4999119923017022, 0.49859807305902903]
343,[0.9985370140176455, 0.49866586912553806, 0.5003575757322831]
344,[1.0019521959470765, 0.4958411054001689, 0.5010082057693425]
345,[1.0056584440130694, 0.4983435741402837, 0.5004485855033536]
346,[1.0039335234697142, 0.4994417694470374, 0.5012042236037426]
347,[0.9996456123759404, 0.5002718682799911, 0.4977445873485449]
348,[0.9960140041406432, 0.502707451239562, 0.496433656197373]
349,[1.0032912598055805, 0.4951267744373488, 0.500822352015068]
350,[0.9910493304778513, 0.5009119063108168, 0.4987173080858633]
351,[0.9995766444513329, 0.4991611328758032, 0.5013963910977727]
352,[1.0061467759464449, 0.49689098142811505, 0.5014233933079774]
353,[1.0027502332956317, 0.500120403597769, 0.4992740442245125]
354,[0.99283379424485, 0.5016583424536816, 0.5004665942130313]
355,[1.0021403266017017, 0.5014393364506838, 0.5006188137314692]
356,[0.9942242762353304, 0.4994576383402808, 0.5014892330698937]
357,[1.011473301173067, 0.49777978604979106, 0.5010854312703195]
358,[0.9999363203856426, 0.5006682751050098, 0.5012330860671584]
359,[0.9961470319642202, 0.5001752900639432, 0.5014322171446429]
360,[1.0060171475058155, 0.4965725471999498, 0.4983288761194026]
361,[1.0018308120446437, 0.4988393305369001, 0.500374777297643]
362,[0.9897321293816368, 0.5026852934542129, 0.49919557639183293]
363,[0.9998156002597858, 0.5011942673329643, 0.4973438379405465]
364,[1.006201671939206, 0.4967624122166694, 0.49922822907533154]
365,[0.9995098910822297, 0.4987010763508236, 0.4977958176882678]
366,[1.0007482700142987, 0.49790012253975874, 0.4997702742420047]
367,[1.0116288166579612, 0.49844260926505796, 0.49660819745483614]
368,[1.007038959031285, 0.49573937406696816, 0.49917823918135745]
369,[1.0007594245903269, 0.4964701792528935, 0.49933306564116553]
370,[0.9994795881978349, 0.4976936387045375, 0.49979937613150544]
371,[0.9939356957060678, 0.5014944427804761, 0.49969266150293623]
372,[0.9994025868874304, 0.5011022466661578, 0.49654753784254896]
373,[1.0090932708785905, 0.5009584193798526, 0.49943598152872526]
374,[1.0061422508086066, 0.4987762964392444, 0.5000781985532119]
375,[1.001880614094858, 0.4971905555564508, 0.5022811869867474]
376,[0.9955522362170263, 0.5014901785794094, 0.4994060149633198]
377,[1.0008702282378037, 0.4983481780675052, 0.49779138715028093]
378,[1.0040284940888693, 0.49904360932080183, 0.4999176153255334]
379,[1.0026104258421564, 0.49627827091564986, 0.5024188889559933]
380,[1.003024129869857, 0.49915042388519115, 0.4992697441926722]
381,[1.00671734390068, 0.4969297027839764, 0.49907118884364005]
382,[1.0111030399674525, 0.49637969646856117, 0.4991799173946099]
383,[1.0093614549186993, 0.4982735954579116, 0.5020895211721427]
384,[0.9942921140544195, 0.5008464566499841, 0.49924256343938445]
385,[1.0133360817757184, 0.4955934690923499, 0.500285019103191]
386,[0.9996659317527137, 0.4997288101697908, 0.49822047201269765]
387,[1.0015133795687552, 0.4960340931111432, 0.5017679053926133]
388,[1.0031453449540357, 0.5000020582033048, 0.5012468750075318]
389,[0.9966702901423171, 0.49971570588276143, 0.501603859114404]
390,[0.9905898622161808, 0.5033501806933255, 0.49897083540288617]
391,[1.0116023902678444, 0.4958372263524562, 0.500811135648638]
392,[1.008794423261187, 0.49731669896984815, 0.5017264431575053]
393,[1.0037619700471545, 0.49787490263998846, 0.5010213099459181]
394,[1.0071287290197066, 0.49758536736062053, 0.4998145275997304]
395,[1.0105041595838216, 0.4955434587835621, 0.5022984047849804]
396,[0.9948160589150159, 0.5005007152488323, 0.5024855180946859]
397,[1.001093913277825, 0.4985774766418922, 0.49861716414573437]
398,[0.9936454449117784, 0.5007846376646445, 0.49944334866958606]
399,[1.005745406147953, 0.49829291727686975, 0.4990292517145405]
400,[1.0075309435981903, 0.49643548298924495, 0.4985691214781508]
401,[0.995047648059668, 0.5007203481879766, 0.49960498016642846]
402,[1.0071033338333362, 0.4984087743162666, 0.4991797096916313]
403,[0.9946877787507715, 0.5020772138145329, 0.4995061988073066]
404,[0.9998145418654361, 0.5016109793453283, 0.4983060388469914]
405,[0.9964248769090069, 0.49963990713671075, 0.49917627043233065]
406,[1.0096023677585388, 0.4974704754002192, 0.4999518213052716]
407,[0.9989223604281976, 0.5010075054962851, 0.4984187329472578]
408,[0.9977894637681414, 0.49658232628520177, 0.5004466098412899]
409,[1.0033525004872388, 0.4992594000793332, 0.5007147515912576]
410,[1.010334132700391, 0.49880084609727277, 0.4960945850798793]
411,[1.0058830945906427, 0.49410504446333614, 0.5023464090707631]
412,[1.0087016529568111, 0.5008744716159375, 0.5003394256897755]
413,[0.9959674631968167, 0.49822020192974864, 0.5031167112692323]
414,[0.999451726846742, 0.4985489606113763, 0.5015266928206025]
415,[0.9988562490886632, 0.4984023560945732, 0.5011953681268133]
416,[1.0009309705278846, 0.5017980939328892, 0.49863126025331533]
417,[0.9982296303901009, 0.5019296013656316, 0.4975688745448773]
418,[0.9954621830242385, 0.5023392328348275, 0.5015910877836067]
419,[1.0021122351030662, 0.5008618198404355, 0.49860643791261466]
420,[1.0062519649647959, 0.4976668552170423, 0.4977000981186014]
421,[0.9995164061283405, 0.5008861438638251, 0.4998099187923239]
422,[1.0051002591404643, 0.49872221212795437, 0.4991583315963311]
423,[1.000083705406468, 0.4984487196277983, 0.5014989015170565]
424,[1.0025038882453563, 0.4985851641373818, 0.4996809104068964]
425,[1.0013131233694175, 0.4991761111888692, 0.49876319122860585]
426,[1.0001635036827903, 0.5007760286825773, 0.5008755936140604]
427,[1.004836107159855, 0.4949546566132075, 0.5016507996021535]
428,[1.006592610926473, 0.4976762786572219, 0.49850178881084317]
429,[1.0033535529179152, 0.5000918594188936, 0.5023863070069232]
430,[1.0015914048039423, 0.4987501539416236, 0.49887112130461253]
431,[0.9947905646191922, 0.4994319012785904, 0.4999742411742672]
432,[0.9947943138590435, 0.4996783172546958, 0.5010724875363505]
433,[1.0054639490823882, 0.4989285900303634, 0.4987805798615459]
434,[0.993101185985236, 0.5011721548852733, 0.49912990687913167]
435,[1.004149166154341, 0.4999943491444062, 0.49879566966337485]
436,[1.0052460181149154, 0.49760676606297616, 0.49949911339876485]
437,[1.0070789984811537, 0.49837299438370647, 0.49841948600980684]
438,[1.010537917939924, 0.4992365399514512, 0.5037467159293288]
439,[0.9965823945219978, 0.5033180802942654, 0.5001094916821208]
440,[1.0047696621275226, 0.502370953957101, 0.4989541040205826]
441,[1.0153643830048988, 0.4928092508306532, 0.5006185338968457]
442,[0.999227517890893, 0.4983685115510262, 0.5011480678897379]
443,[0.9954891433054486, 0.5006326927167423, 0.5001687239252506]
444,[0.9992282704975641, 0.5023091271773614, 0.5006030061519675]
445,[1.001554298676727, 0.49770366160745755, 0.49896657155950436]
446,[0.990840757204786, 0.5018084058979492, 0.5009423769402229]
447,[1.0100214214723002, 0.4966769022655694, 0.4990494607126518]
448,[0.9937711299693924, 0.5002907566735659, 0.5019287659726991]
449,[1.0036559457233245, 0.4993060384308837, 0.4986711563061242]
450,[1.0042044597158493, 0.49905119043293833, 0.5001767667147609]
451,[1.0013710134018892, 0.4995884016926174, 0.5009036984698292]
452,[0.997293012959082, 0.4977461428116052, 0.5007388707476604]
453,[0.9970368887914584, 0.5022179511646743, 0.4986964290652821]
454,[1.0042515351151495, 0.5003957125263688, 0.5012733143469852]
455,[1.0092183993983768, 0.49984747692450326, 0.4991618435915161]
456,[0.9969052176187946, 0.5006616575758528, 0.4991333782967879]
457,[1.0031801384390193, 0.49908863666252656, 0.5005887257340206]
458,[0.998086794910884, 0.5017235924936304, 0.4989959902897171]
459,[1.0133095948527835, 0.49526510365107995, 0.49929030479974085]
460,[1.0041280323272521, 0.49502819736391607, 0.5018654284344947]
461,[1.0023679407782802, 0.4995623070491653, 0.5006610891556765]
462,[0.9932687313630288, 0.5012642253528686, 0.4990357111664155]
463,[1.0042407165361014, 0.49657767113191414, 0.501679866342441]
464,[1.0025432929029674, 0.49899286712202157, 0.501316688240119]
465,[0.9955028137445401, 0.49833429447344485, 0.49849791066207016]
466,[0.9981055834663055, 0.5003281555656837, 0.49877386261100337]
467,[1.0047538706356138, 0.4965452836429172, 0.501016150479785]
468,[1.0004575948911034, 0.5011298430101288, 0.49807451661085]
469,[0.996433171267296, 0.49936901477378476, 0.501314498929788]
470,[1.0056503960849965, 0.4948446555852616, 0.5043343100875878]
471,[1.0035229281163058, 0.49607338483537194, 0.49876588765461055]
472,[0.9931254537497288, 0.5035962277832504, 0.5005829475432642]
473,[1.005687958979329, 0.4980179355662413, 0.4991266898179078]
474,[1.0108544561679258, 0.4951238006673747, 0.49746958089480003]
475,[1.003510187268796, 0.4984470135098783, 0.49977689274350956]
476,[1.0065005513638248, 0.49779408224613547, 0.5004103513348328]
477,[0.999686515959424, 0.4991846718033482, 0.5009859467797283]
478,[1.0016837094977697, 0.4974117373269033, 0.5008127165717535]
479,[1.0071225154230095, 0.5010495968100158, 0.4973606406272126]
480,[1.003891698222822, 0.49583930797535686, 0.5001351918271328]
481,[0.9923201656147917, 0.5029146484579883, 0.5024909525913396]
482,[1.0022283677189496, 0.4992375795797545, 0.4988936341094855]
483,[0.9971551940485358, 0.4997813607864461, 0.5022941536225628]
484,[1.0024267784276792, 0.5010434043569933, 0.49968876804087237]
485,[1.0120350369776419, 0.4939747164684832, 0.5028480933483245]
486,[0.9913033258467525, 0.4980297024471931, 0.5032441850792313]
487,[0.9994202770492012, 0.5014933717449065, 0.4977659615048465]
488,[1.001476920467748, 0.49932921841199096, 0.49939747116450256]
489,[1.0060716960888048, 0.49646947884335757, 0.5026606528674736]
490,[1.0023236953925991, 0.49906445061918797, 0.4986145823979815]
491,[0.9996241344002639, 0.5005039458496932, 0.5014925520836208]
492,[1.0049465621056757, 0.49843671390771577, 0.5012934311359478]
493,[1.002625455327528, 0.49906241065417456, 0.49706112345568304]
494,[1.002137594805375, 0.5013757433039411, 0.4999387085770467]
495,[1.0059461447872893, 0.4982399234097847, 0.4992996850492831]
496,[0.991893479694618, 0.5001910317517764, 0.5015738037103356]
497,[1.0052332165309044, 0.4972472141212758, 0.5020700064337702]
498,[1.0052442992613186, 0.49868068314441316, 0.49665652673354854]
499,[0.9971153155593494, 0.49697432188788204, 0.5007637686343276]
500,[1.001601075843185, 0.49860121089749126, 0.4998308797764853]
501,[1.003761736039619, 0.4960534678410913, 0.49954282188792304]
502,[0.9935322614015917, 0.5015717432571636, 0.5007622731607427]
503,[1.0054432184804876, 0.4998365040716929, 0.49962412070323375]
504,[0.9931757539804509, 0.5026889995155737, 0.5001012393596256]
505,[1.0009361815931772, 0.5009207207021613, 0.4995566108766071]
506,[1.0026960516738188, 0.49927769175498604, 0.49985554270868265]
507,[0.9997489767830754, 0.5012100581959544, 0.4977660166701931]
508,[1.003193758498075, 0.5003172263762394, 0.4998321342988298]
509,[0.9955697184556879, 0.49946661199101433, 0.5000922022534195]
510,[1.0093698299145921, 0.49813370817605324, 0.4977709055408551]
511,[0.993060721825871, 0.49953528965195976, 0.5005004175198963]
512,[1.0042968546398967, 0.5001596731908035, 0.4994654324425886]
513,[1.0061522425890086, 0.498890799453283, 0.4978376014863348]
514,[0.996654054921084, 0.5006505108114837, 0.49878496195565947]
515,[0.9996019545015247, 0.4982698518950765, 0.5017405038577428]
516,[1.0149851498177802, 0.4985939685715754, 0.4991993964175499]
517,[0.9955471966917415, 0.5018739955469087, 0.4980493244865805]
518,[1.0038634002623912, 0.49706466776575464, 0.5015642159320041]
519,[1.0016914480687336, 0.49948176825454094, 0.49493741402614205]
520,[0.9963435980536259, 0.5010381705722935, 0.5010399586831835]
521,[0.9954874915791015, 0.5031123242819916, 0.498602304995051]
522,[1.0000635876413995, 0.49970280360726976, 0.4992319211174324]
523,[0.9937810363030973, 0.5027505460109372, 0.49951860105632884]
524,[1.0029228716020362, 0.49785785316035286, 0.5007525045716692]
525,[1.0016377602092215, 0.49988449451937633, 0.5007520110970234]
526,[1.0008342301258888, 0.49944940707610186, 0.5036390046764962]
527,[1.004353401068146, 0.49819245786075794, 0.498073421450212]
528,[1.0112992125589675, 0.4982346981858027, 0.499369321863944]
529,[1.0045963996985492, 0.4957906781444211, 0.501318460498875]
530,[1.0018965120905305, 0.49662989501945987, 0.5018469307133879]
531,[0.9889290175588168, 0.5030001517626477, 0.500170831336628]
532,[0.9947166381420903, 0.5018771426512662, 0.5000475089303277]
533,[1.0060441762126395, 0.49768331856338727, 0.5018806284488461]
534,[1.0121033946511853, 0.4958146118357532, 0.5014726304894973]
535,[0.9939290967088394, 0.5020695762526617, 0.49894981442625386]
536,[1.0064162338707343, 0.4990496888393239, 0.4998866680288369]
537,[1.0020511093159217, 0.501088885552813, 0.4977171072476634]
538,[0.9958200178781759, 0.5000761281599527, 0.49625037137828665]
539,[0.9958126515175628, 0.5003439991962898, 0.5000363214219232]
540,[0.9992820210292895, 0.501744657398404, 0.498074852391677]
541,[1.002047591839569, 0.5007919183390831, 0.49842473834548046]
542,[1.0081879008869112, 0.4978528528779741, 0.5005488625105144]
543,[1.0113793252542562, 0.4935237483985208, 0.5034772416873708]
544,[1.006725926835521, 0.49952512255010595, 0.4987895842665847]
545,[1.0160460707638719, 0.4949652804682409, 0.5026559588069349]
546,[1.0082589427922333, 0.497665071889496, 0.5004035059905526]
547,[1.0060516557799208, 0.49545712081248033, 0.5021226987079541]
548,[1.0010983725199867, 0.4998129242161774, 0.5003787705494074]
549,[1.0006316778542814, 0.4999817006313382, 0.4989708820715759]
550,[1.0085694436220443, 0.5017967389315365, 0.4981003941625328]
551,[1.0051596300081034, 0.5015630838882258, 0.5008832800716506]
552,[1.006356184434055, 0.49784829356942545, 0.5005706929498986]
553,[1.003923500919309, 0.4985485686567436, 0.4989834450027793]
554,[0.9919613925308841, 0.5032298174388407, 0.5020486156924434]
555,[1.0205995580053187, 0.49554962118594814, 0.4999656354928464]
556,[0.9945517042424636, 0.49951163609133165, 0.49915504604630323]
557,[1.005696091745713, 0.4988427375429377, 0.5018481808556526]
558,[1.0007114237876498, 0.5011382275801929, 0.5021026585250232]
559,[0.9950135707521935, 0.5000907879338398, 0.5009805392227401]
560,[1.0142198449333346, 0.49796955486437033, 0.5013488993288808]
561,[1.0050195094004906, 0.4989330367367754, 0.49994330289643235]
562,[1.0081639571843528, 0.4938639726686112, 0.5041444781957981]
563,[1.0019007204464108, 0.49652240150974225, 0.5022859327312856]
564,[0.998579605990484, 0.4994327599342899, 0.5004886821475817]
565,[0.9996208265665083, 0.4979720203516825, 0.4988199568134892]
566,[1.0005042624874823, 0.5002413659677486, 0.5004400806734922]
567,[1.0005962496218128, 0.4983712147609349, 0.49964472238508656]
568,[0.9988908293198607, 0.4967164124207398, 0.5033388159015265]
569,[1.0018611101542738, 0.49892692804687777, 0.5002517867769768]
570,[0.9913526365185596, 0.5049064145800063, 0.5001261453359412]
571,[0.9985620005428807, 0.5015564352062731, 0.5010064173533829]
572,[0.9978760385587775, 0.4985136084942588, 0.5015315247027852]
573,[1.0067017519299846, 0.4984556236901323, 0.5018328020713754]
574,[1.0064201662975245, 0.49984085120753674, 0.4970486738761866]
575,[1.008333114303754, 0.49506388543591984, 0.5013141484922631]
576,[1.0050039552010395, 0.4974929400820142, 0.4997149916115682]
577,[1.0018904754585038, 0.5010190636403848, 0.4979641094742313]
578,[1.0116193863428748, 0.4955809279657635, 0.498270235926045]
579,[1.0045452229051701, 0.498225316609318, 0.4999942865779368]
580,[0.997484391225456, 0.500641673494255, 0.5002336120154911]
581,[0.9926833285930223, 0.5006439482661782, 0.501164708359796]
582,[1.0000160310723931, 0.5002711143987799, 0.5009299884286337]
583,[1.0040284529259247, 0.4960930932910173, 0.5010653680499936]
584,[1.006441471420623, 0.500751855737275, 0.5010420451491773]
585,[0.9980700736456631, 0.5002769111549268, 0.498076805080385]
586,[1.0054162957266763, 0.500358836381407, 0.49900390329439936]
587,[0.9960039877736585, 0.5008315800964288, 0.5017702294634724]
588,[0.9959196153379505, 0.4992249217777245, 0.4984814501226537]
589,[1.004237542315254, 0.49970118156008875, 0.49749836612619375]
590,[0.998890868328962, 0.5005819336655052, 0.4999590116533034]
591,[0.9996124094652281, 0.4992322683813061, 0.4979771794247409]
592,[1.0091624650555187, 0.4942067514527005, 0.49819311750214285]
593,[1.0030626442877386, 0.4981076295773322, 0.5004038810089396]
594,[1.0019384756294558, 0.5004169631500444, 0.49966846529630526]
595,[1.003273531823547, 0.49749500027399096, 0.5013505810155737]
596,[0.9987792145594989, 0.49808831867229486, 0.5015640618907246]
597,[0.9949911459183756, 0.4990811947953596, 0.49875131834553027]
598,[1.001473150797597, 0.500616143476627, 0.4975988666366122]
599,[1.0042628445937631, 0.4965249725602855, 0.500436989785556]
600,[0.9915580479648028, 0.5030570119269534, 0.4987336050512033]
601,[1.005334524480924, 0.5007002631077734, 0.4988783504077135]
602,[0.9942010519674483, 0.5011050618472107, 0.5010746098684996]
603,[1.0043432833847725, 0.4958224544782123, 0.4992846862481274]
604,[0.9996570498346423, 0.4972264825969458, 0.5013074076828374]
605,[1.003817738484725, 0.4965137381406332, 0.4991640695964464]
606,[1.0078919313532153, 0.4975329354652322, 0.5000974351458258]
607,[1.0007347142948668, 0.5006364512168859, 0.49887074203638815]
608,[1.007372522862477, 0.49405786922776607, 0.5011830016240518]
609,[1.0065083774034485, 0.49538848025775906, 0.502496432689192]
610,[0.9977666958429485, 0.5016025412839323, 0.5005411308411957]
611,[1.0017475885611808, 0.5013667218928695, 0.4999712370778058]
612,[1.0036368716999493, 0.49857824323275707, 0.5026528438862438]
613,[0.9913182429198759, 0.50115367974464, 0.5009946551071807]
614,[0.9978881114952382, 0.4998964063019948, 0.49954283253652154]
615,[1.0019197622519833, 0.5003133482887664, 0.49827087074803583]
616,[0.9973156753610064, 0.4985626700420217, 0.500156175102018]
617,[0.9926076567395675, 0.5015038477075211, 0.5007040231520758]
618,[1.0052902979043827, 0.49937493095281515, 0.5009572879137325]
619,[1.0032884342715864, 0.5004512925314252, 0.5009305786658783]
620,[1.0006689633252996, 0.49995088806307536, 0.4993079520068012]
621,[0.9990404599863058, 0.4985489207302037, 0.5015319165114971]
622,[1.0089786242535839, 0.49762800379753486, 0.4988051327467898]
623,[0.9995270780758971, 0.49889558777204346, 0.5015262354612748]
624,[0.9952606649384194, 0.5006012044880276, 0.49812393415504197]
625,[1.0007935140648685, 0.4978460995840342, 0.49997999244504016]
626,[0.9995399972731632, 0.4983010106270519, 0.5013934147750423]
627,[1.0043733872243676, 0.5003079863054096, 0.49987545446834686]
628,[1.0156521736375024, 0.4980574290373659, 0.4992989976515387]
629,[1.002643044777918, 0.4972706000380695, 0.5006894364264136]
630,[0.9894402098072556, 0.5008005838127945, 0.49802479286573786]
631,[1.0067002842273656, 0.4949113026443875, 0.5004136768254175]
632,[0.9896001808127988, 0.500113776319622, 0.5005036174805332]
633,[0.9992361369599556, 0.49948185947445034, 0.5000741727850702]
634,[1.0094969123629398, 0.4982898379090935, 0.5018597994279574]
635,[1.015377716923556, 0.497999383640098, 0.4964371190312214]
636,[1.0041482885725395, 0.49935700010206535, 0.4988582126362222]
637,[1.0017846672533777, 0.4973991380655452, 0.500122280737324]
638,[1.0074952033521836, 0.4985232687685268, 0.5001144333855406]
639,[0.9963943988300338, 0.5021426326372015, 0.5003326287280977]
640,[0.9998858742515497, 0.5005860033750151, 0.502450555850357]
641,[1.0028433205741973, 0.49744745516459116, 0.5010860935806982]
642,[1.003450789014006, 0.4982157593943088, 0.5040471873864897]
643,[1.0062101513696864, 0.49954786449861527, 0.5008948824525561]
644,[1.0060910560954626, 0.49695423581082876, 0.49807256614135376]
645,[1.0051809328978933, 0.49792427090235064, 0.4994600954988644]
646,[0.9970486297786036, 0.49954967160533764, 0.49786944612526063]
647,[0.9959312851383955, 0.499201178449884, 0.5043353677999187]
648,[1.0034960369255397, 0.49646494444018285, 0.5012532004188459]
649,[0.9994647047410048, 0.5015675361801165, 0.49890589271498686]
650,[1.0010284323706982, 0.4972907857143642, 0.5014101608605365]
651,[0.9967719174890245, 0.4990387385819646, 0.5018945075789]
652,[1.0038635723940499, 0.49740408432367467, 0.5013538071915294]
653,[0.9986044652609269, 0.500226388489022, 0.5006275642666902]
654,[1.005445682501872, 0.4983507860413238, 0.49754963184267587]
655,[1.0026401814702555, 0.49813116935824553, 0.49844172542289517]
656,[1.0048742056869506, 0.49706230718712846, 0.5009106145015928]
657,[1.0061234045251863, 0.49610741853241025, 0.49929923706661233]
658,[1.00099221626679, 0.4970826917246597, 0.5004355318114059]
659,[1.0050596806864132, 0.497080951266971, 0.5013494646793185]
660,[0.9983227945450749, 0.5014041536002921, 0.5005497352609042]
661,[1.010959902685511, 0.49872406689809873, 0.4967251055970171]
662,[0.9965571370052934, 0.4967620613874586, 0.5027630187264969]
663,[1.0053227244134915, 0.49754450688534624, 0.4985540763723934]
664,[1.0015974839907962, 0.4963305283547149, 0.5017960259399118]
665,[0.998595918497835, 0.501876110614862, 0.4995819710944352]
666,[1.0071580490739334, 0.49935039352204275, 0.5010343931457901]
667,[0.9992647369242621, 0.49880787347673283, 0.500892993924446]
668,[0.9965032449235819, 0.4996957587258274, 0.5014475453264683]
669,[0.9941196544365792, 0.4993984259166181, 0.49774129115858423]
670,[0.9981353497919335, 0.5026350908993295, 0.49786854869483504]
671,[1.003521957873487, 0.49837173623554565, 0.5004326686557629]
672,[0.99454081016068, 0.5014250443799738, 0.4998835522712425]
673,[1.011082834161242, 0.4955898449372172, 0.49945636235517243]
674,[1.0076125537588898, 0.497428654245318, 0.4989682258130057]
675,[1.0058858273325924, 0.49690321879784016, 0.5003405218511936]
676,[1.0099594768118472, 0.49652126052909196, 0.4990417835491497]
677,[1.0035195155903536, 0.5007455303313796, 0.4996387843901902]
678,[0.9956728875195244, 0.5003356260256336, 0.5025415210998979]
679,[1.0036875545177004, 0.5000356431109284, 0.4996511311850685]
680,[1.0009487294660553, 0.49620570417241827, 0.5001023473681141]
681,[1.008834773778398, 0.4972953485869303, 0.5011449992727673]
682,[1.0102418284564, 0.49642251397654186, 0.5003474866764074]
683,[0.9946714665379923, 0.4976096698697757, 0.49975339500092286]
684,[0.9961650899808342, 0.49846964366982544, 0.5011348521247914]
685,[1.0044627268765256, 0.5008195277803186, 0.4991323641529734]
686,[1.0038154204100773, 0.4984290051772557, 0.5002541632951684]
687,[1.0061010827786843, 0.4946542446003688, 0.5012645372747291]
688,[0.9930905696564025, 0.5044315773257849, 0.49791732121939586]
689,[0.993033368291273, 0.503513765704446, 0.5016173287141528]
690,[1.008765579296174, 0.49659298532103097, 0.4990562792910383]
691,[1.0047164076142914, 0.4971103838972796, 0.49883028511092337]
692,[1.0099432974944396, 0.4925143688646122, 0.5027047780355035]
693,[1.0021336946615749, 0.497770387416687, 0.5006025457628227]
694,[1.0035093548284497, 0.4996161854748234, 0.5020859103601968]
695,[1.0077003569934813, 0.4977302367349954, 0.5005225175910567]
696,[1.0035171660642264, 0.4993706257112809, 0.49982816472563507]
697,[1.0012336454974236, 0.4975627800495374, 0.5021365512196998]
698,[1.0050752342860159, 0.4997599609969557, 0.49658311505371217]
699,[1.0093104515839695, 0.4966847147905376, 0.4988311062228293]
700,[0.9951380679812415, 0.49651817156384337, 0.5010974735336086]
701,[1.0035476652841941, 0.49960594921867213, 0.49888614149275434]
702,[1.0059806298722118, 0.4984671516174841, 0.5010970262761514]
703,[1.0052863623992012, 0.498443898256702, 0.5010068377717797]
704,[1.0058145242752734, 0.49510116828992073, 0.5014419885169941]
705,[1.0084533313382265, 0.500230373578544, 0.49671240286455537]
706,[1.004843832774669, 0.5004812519543438, 0.4953233680584669]
707,[1.0135314773196067, 0.4958396663379691, 0.5007290985365431]
708,[0.9989592222419487, 0.5002004126357145, 0.4975599596258473]
709,[0.9925230611244561, 0.5005788320938648, 0.5007565324128819]
710,[0.9905339435836434, 0.4978661386794213, 0.5018990487151694]
711,[0.9992792881369542, 0.5004330094193108, 0.4997768615927621]
712,[1.0030975864505876, 0.49986138867810165, 0.49680951862295886]
713,[0.9995573017713888, 0.5004977837674243, 0.5011940374872319]
714,[0.9966103630200663, 0.498720501079243, 0.5019148571790739]
715,[0.9991830907633265, 0.5011771384358311, 0.49940457790996845]
716,[1.0042576812441983, 0.49576671632395214, 0.501306058907551]
717,[0.9974483073258896, 0.5001832476393114, 0.5037083472316315]
718,[1.0096649776619524, 0.4959415925890825, 0.5008604845262097]
719,[1.001418517460702, 0.4986882605409177, 0.5005131252660913]
720,[0.9986151639263421, 0.49678379763181785, 0.5009436773458076]
721,[1.0040303128989914, 0.49743906185219156, 0.5000822403318114]
722,[0.9948215390257034, 0.5005002854210737, 0.5013770351314158]
723,[1.0038464945159067, 0.49847414672813545, 0.5000020959212483]
724,[0.9964471657947519, 0.501968629636177, 0.49900045208533955]
725,[0.9964378124112165, 0.5001293581690407, 0.5004490631925059]
726,[0.9970891063447653, 0.501202942326905, 0.49869526330308345]
727,[0.9848954920509985, 0.5063208268556013, 0.4986029812591678]
728,[1.009117502420335, 0.49830682242602603, 0.4987752237126037]
729,[1.0051372458612136, 0.4982182076768228, 0.4985877179267349]
730,[1.007223851100771, 0.49640207778815754, 0.5017044658694527]
731,[1.0101862629598015, 0.4963349961020118, 0.5018098134322299]
732,[1.00177381670111, 0.49969932341555084, 0.4971734271869075]
733,[1.0014097913298234, 0.4994195274370334, 0.4999344332175027]
734,[1.0000631344652424, 0.5026690558019996, 0.5002328053789104]
735,[1.0005205485903208, 0.49957930627086494, 0.499169888484505]
736,[1.0066481294081655, 0.4982011572508052, 0.4986735595421374]
737,[1.005819902532762, 0.4967324777080388, 0.4995567423803821]
738,[0.9956411661074385, 0.5023067638879033, 0.5002554596852682]
739,[1.0023565348827455, 0.4977269792408939, 0.4987850967435984]
740,[0.9968747734587026, 0.5011335623605652, 0.49760726926720716]
741,[1.0070849508790745, 0.4955117491098737, 0.5001167037509352]
742,[1.000804045529311, 0.4982462111711408, 0.497348524155785]
743,[1.0043872576214503, 0.49914471320301923, 0.5005314237162163]
744,[1.0038867122239528, 0.4984272518390215, 0.5003542655873875]
745,[1.0008614333233563, 0.49895467616614947, 0.4990308240258396]
746,[1.0000301154303317, 0.5012524017810369, 0.4973088085427074]
747,[1.0049155395525258, 0.502345399447797, 0.497614433602846]
748,[1.0051969597203039, 0.4986840607432569, 0.5010707692724228]
749,[1.003097042941169, 0.49792435977513383, 0.5033359203968277]
750,[1.0029397728773517, 0.49623975306474055, 0.5015811582837113]
751,[0.9995261133354307, 0.49897733368485797, 0.5009650752372997]
752,[0.9939615498223275, 0.502597298463584, 0.499890439222503]
753,[1.0030876532563906, 0.49849814526000097, 0.49993374144064906]
754,[1.0035303141802703, 0.4995297162500514, 0.5009030589603167]
755,[1.0071396695682657, 0.4993675170991529, 0.49918732709786123]
756,[1.0025554960077852, 0.49902365316260106, 0.4977816828813182]
757,[1.006579883011752, 0.49783507803147153, 0.4992102941341084]
758,[1.003688218826957, 0.5013018267064872, 0.49788086437459367]
759,[0.9994898369482788, 0.5003104131407698, 0.4996754871273028]
760,[1.0039755293767214, 0.5014278724094164, 0.4991773627288569]
761,[1.0016273617456677, 0.49835762334481654, 0.49648430698070906]
762,[1.0066363204839868, 0.4975923767862434, 0.49961484510417015]
763,[0.9982779075340514, 0.4985971198469843, 0.5005531552351937]
764,[1.0046388659139538, 0.4994767459051778, 0.49969504895161726]
765,[1.0039599614744898, 0.4976254332026458, 0.500846532938925]
766,[1.0038356039447158, 0.4964639205316982, 0.5025782557361547]
767,[1.0030860792130314, 0.5018025391542908, 0.49919613556832115]
768,[1.007225170091525, 0.4995890774281811, 0.4979724256116332]
769,[0.9957057902894153, 0.5000546066848506, 0.4996539860178695]
770,[1.001094918213099, 0.49959785349687874, 0.5015800499447169]
771,[1.0035532594173182, 0.5004540840246187, 0.49901822377497557]
772,[0.994054387362256, 0.5026505335292999, 0.5018446090205364]
773,[0.9997072602717455, 0.49770738108841667, 0.4987292718196093]
774,[0.9959629714846486, 0.5010640297101658, 0.49723436290179784]
775,[0.9942847219744143, 0.5025677586206276, 0.49906358324448996]
776,[1.0087547930643432, 0.49694636685562754, 0.5007534406385098]
777,[1.0041160079882863, 0.49892963519165356, 0.5012943175219137]
778,[1.0066526614538556, 0.4955553692528563, 0.5026044721508774]
779,[1.017343006587307, 0.4955115310809797, 0.4982412522192912]
780,[1.0031708594819564, 0.4984873839310741, 0.5008018965337158]
781,[0.9906745714164992, 0.4993845411266003, 0.503194747626021]
782,[1.000495661502478, 0.49980453719234724, 0.49849449633381826]
783,[0.9919319031213804, 0.5046051402740946, 0.49768295899267634]
784,[1.0074910339127099, 0.4948243368774588, 0.4994797984199573]
785,[0.9973479708064767, 0.49833692826207376, 0.4979728005934919]
786,[0.9974364945337574, 0.5018175529975206, 0.501006399098679]
787,[1.0010224774411451, 0.500770847250446, 0.49827571916952373]
788,[0.9981762238408972, 0.5029821261001831, 0.4993459319374637]
789,[1.0016031283284157, 0.5005262953637197, 0.4999317564526965]
790,[1.0037960668399766, 0.4968640038215416, 0.49943190181177805]
791,[0.9989733582606971, 0.49651900193710047, 0.49963570849431993]
792,[1.0049283499554056, 0.4993234832774607, 0.5000282865982836]
793,[1.0093871728458792, 0.4978360558012249, 0.4991156687745827]
794,[0.9967903604343538, 0.5029249229339956, 0.4991711323814503]
795,[1.0121339569019199, 0.4978055185171295, 0.5004349041843262]
796,[1.0027314531673226, 0.4961777543216504, 0.4987619968954111]
797,[1.0066916898209146, 0.4964484470859824, 0.49975474759688804]
798,[1.000520849724177, 0.49896852543504394, 0.5000184013918101]
799,[1.0005218827236884, 0.49780149546068164, 0.4991235088852284]
800,[1.0067206168758558, 0.49844687612003336, 0.5002386445271509]
801,[1.0027774216307734, 0.5002227170800496, 0.4985151506852935]
802,[1.0118557877529695, 0.4962683120409193, 0.5001851676514737]
803,[0.9898017923875736, 0.5008707301798816, 0.5009382935077349]
804,[1.0081119763286974, 0.4975085434414149, 0.4983891980064912]
805,[1.0076095863832726, 0.49755835603976695, 0.5011778078128782]
806,[1.000676856666296, 0.5002368414406321, 0.49889810049072086]
807,[1.0006288681406157, 0.5016095396205706, 0.49709123513288794]
808,[1.0003185728690571, 0.49950416346710663, 0.5009391420071952]
809,[1.013519696683935, 0.4966231873787111, 0.5029062333824516]
810,[1.0054023555594163, 0.49713644620833336, 0.5024265209426038]
811,[1.008766212731206, 0.49501903080031245, 0.502063172821923]
812,[0.9949978079550738, 0.49767202209808437, 0.5003168714079792]
813,[1.0067544313361176, 0.4970758700079012, 0.49786570031379307]
814,[1.0031272179945596, 0.4974606395025527, 0.4981899082182907]
815,[1.0033354307538775, 0.4994723893714042, 0.49879067308797864]
816,[1.0072836111349115, 0.49753342341759005, 0.4980876758098894]
817,[0.999038436273892, 0.49883694485684704, 0.502847704306416]
818,[1.0083382130075775, 0.49949063482563555, 0.4969985379038074]
819,[0.9985123715758855, 0.5014297630780921, 0.4969576472769805]
820,[0.995395320867828, 0.5006253077724833, 0.5007218518533141]
821,[1.0128857318126254, 0.4969877754062547, 0.4999764966094226]
822,[1.0051835569597525, 0.5000374479467095, 0.5002840706455826]
823,[0.9985549601755314, 0.49672023026882417, 0.5009892842035516]
824,[0.9966116286274089, 0.5026912680932725, 0.4988735730294039]
825,[1.0029619440735333, 0.5004245500176976, 0.5004782036367478]
826,[1.0078831604768204, 0.500086590523349, 0.5016568286690831]
827,[1.004992256240894, 0.49811008182039096, 0.49958693255772607]
828,[1.0123999557554577, 0.4975975231006134, 0.4992857547110477]
829,[1.008546484460997, 0.49830111429374213, 0.49863363951263523]
830,[0.9885183261029657, 0.5006498295666079, 0.5022752266409402]
831,[1.0027895427010676, 0.4977627156273487, 0.5000215368120821]
832,[1.002485029246793, 0.49952913081338135, 0.4969744608318664]
833,[1.00118803929214, 0.49887439470456174, 0.4991953299349607]
834,[0.9985685456027286, 0.4967199411074603, 0.4999585275189939]
835,[0.9993912734328259, 0.5007003559349732, 0.5007913559117071]
836,[0.9970098756243645, 0.4981329956569383, 0.5007462467524717]
837,[1.0073910653713298, 0.4960267221629601, 0.49997703286207135]
838,[0.9972409921561265, 0.4945701494675697, 0.5033318782013906]
839,[0.9921139340662737, 0.502266422123943, 0.5002262305248475]
840,[0.9961207333275155, 0.5054677855889282, 0.4990295473445758]
841,[0.9999164406469895, 0.49891425937213096, 0.501500765994069]
842,[1.0023556497542971, 0.49915427591942174, 0.5004398438933899]
843,[1.007508322547468, 0.49732364317702993, 0.5004755736471347]
844,[0.9978040006853761, 0.4980834821169546, 0.501030041616093]
845,[0.9992734986729083, 0.500485052723067, 0.4989610445336]
846,[1.002666889260638, 0.49910847918114293, 0.4998380660777788]
847,[1.0102965267043609, 0.49928309743686355, 0.5000447898874846]
848,[0.9998408832384935, 0.500517859600269, 0.4992128859449302]
849,[1.012657373293524, 0.49515024023101156, 0.4999615170568962]
850,[1.0005405562260834, 0.49776946341531564, 0.4995329164331838]
851,[0.9969868184275855, 0.5005177139436113, 0.4978324167735726]
852,[0.9921965402514289, 0.5016904619967459, 0.497364846000824]
853,[1.0004243938372546, 0.4988463276976005, 0.4996191616733546]
854,[1.0039494534467532, 0.5012917999646039, 0.4982073899469322]
855,[1.0011495347532817, 0.4981209340232205, 0.4993397089873051]
856,[1.0042596688295853, 0.49745265986534887, 0.5015153312363502]
857,[1.0050037825359341, 0.49738072213758683, 0.5040397544565636]
858,[0.9960142859817372, 0.4976480585111146, 0.5040380522021615]
859,[0.9977376728299437, 0.4987495117383102, 0.4974188684544629]
860,[1.0015596729134422, 0.49718969599153884, 0.4988008946882998]
861,[0.9998977583875862, 0.5020582882779696, 0.4970577726955856]
862,[1.0096588523104015, 0.4948465690158445, 0.5012025846534492]
863,[0.999896496182543, 0.49906361573853447, 0.49946162608953526]
864,[1.0052975300405134, 0.49634558522729144, 0.49808613703603066]
865,[1.0001302232817901, 0.49966496223872553, 0.5005757409533101]
866,[0.9871969547728436, 0.5034931496203494, 0.49984767183633555]
867,[0.9968309254875369, 0.4988867870974335, 0.5003421903234977]
868,[1.0094023410702953, 0.4995470527470959, 0.4998412235517001]
869,[1.007837837282365, 0.4953828314740115, 0.5022704464295266]
870,[1.0056946225257382, 0.4988864934591676, 0.4970529445158745]
871,[1.0029452883437433, 0.49764710118982186, 0.4980950308851628]
872,[0.9966991749366532, 0.5001264297180119, 0.4992610754022539]
873,[1.010723540705285, 0.49431868557873176, 0.5003809363729874]
874,[0.9916315973657286, 0.5025165436814018, 0.500263117211252]
875,[0.990574974828649, 0.5026656623304196, 0.4961944771274267]
876,[1.007969879994087, 0.499533024888967, 0.4995035459367029]
877,[1.0003989129555844, 0.4999103208568354, 0.4987856001764632]
878,[1.0187226971649652, 0.49588358682205264, 0.4992754956748448]
879,[1.0054104413440772, 0.4972010045616779, 0.5003574114195399]
880,[0.9987039443383795, 0.5014385869768299, 0.5004126215311349]
881,[0.9953066420378227, 0.5027010142675835, 0.5007938171225682]
882,[1.0088910418072317, 0.4932961077283482, 0.5013834809068184]
883,[0.9995232258175405, 0.5008499704717951, 0.4992771221276184]
884,[1.005885687094815, 0.4979353291951988, 0.5010682011424724]
885,[1.0067208930763762, 0.4986268228136134, 0.49908473887078586]
886,[1.0002292583589, 0.5020709655063247, 0.4980372010351146]
887,[0.9948631872634508, 0.5017833320155065, 0.4998411810380191]
888,[0.9985650890178954, 0.5000886866604489, 0.5015765448376706]
889,[0.9947109885562192, 0.4996292405484572, 0.5018775160294727]
890,[1.0104273536621884, 0.49936045128197465, 0.500141404556635]
891,[1.0097898647194252, 0.4968720017695841, 0.4977172231527733]
892,[1.0056902479712584, 0.49870458204404877, 0.49786837678907797]
893,[1.0106039741938149, 0.4977662172430825, 0.5013461227716752]
894,[0.9901177263929115, 0.502812064883635, 0.4980663776473915]
895,[1.0072567481931802, 0.49806978035842386, 0.5000011386227454]
896,[1.0008179787183606, 0.49744589060068967, 0.4996767116738334]
897,[1.0077465207338614, 0.4967739571926248, 0.5014275568762427]
898,[0.9976528483101785, 0.4997356144888423, 0.4990589852058967]
899,[1.003356386971595, 0.5000615952866201, 0.4981147661042826]
900,[1.0005954927696779, 0.4992705373875088, 0.5027314371562259]
901,[0.9977439387569644, 0.4998953180977241, 0.5026091671242426]
902,[1.005979601497174, 0.49662760731109, 0.49789563438568013]
903,[1.0051190251635336, 0.49804216190242406, 0.5013711360996034]
904,[1.0005949997957146, 0.4986955953381124, 0.5023511878214447]
905,[0.9993972914350087, 0.5001456004068319, 0.5007779479507104]
906,[1.0103450265295582, 0.49895894281415093, 0.49720552681326563]
907,[1.0057238483117787, 0.4974795255388524, 0.497680235492174]
908,[1.0039918107016808, 0.5013780018943732, 0.49679554943393534]
909,[0.9923836469932743, 0.5022633070897934, 0.5000675683350633]
910,[1.0093820343212405, 0.4977436861903757, 0.4984422014702741]
911,[1.0108174526929798, 0.49638698820517546, 0.5015315679540774]
912,[1.0098096044973435, 0.49965881527029865, 0.4991087855446946]
913,[0.9925130010429869, 0.4999132472318493, 0.5016198540947105]
914,[1.0040382407012556, 0.49803147146128224, 0.5013115363994373]
915,[1.003851930046801, 0.49920114748636574, 0.5011768678199299]
916,[0.994660307250685, 0.5028082954126004, 0.49918885448441724]
917,[0.9988681611351652, 0.4994312138954135, 0.49829107354642005]
918,[1.0039817678898624, 0.4980334119945307, 0.5019017930530195]
919,[0.9971364128783439, 0.4987473547875928, 0.5012096591010103]
920,[0.9967992036431144, 0.5040136047941214, 0.5001165449047803]
921,[0.9880723192307348, 0.5009929523971015, 0.5013257138258123]
922,[0.9967104285285782, 0.5005834986517231, 0.49991823105673516]
923,[0.995664342634972, 0.4997170706183604, 0.5010388511698438]
924,[1.008414241471146, 0.49833928401209454, 0.5015836660194689]
925,[0.9986027236573372, 0.5011537201244199, 0.4991444496895703]
926,[1.00476729074154, 0.4953763613510316, 0.5004431507601372]
927,[1.003848774710439, 0.4983189038942566, 0.4986402501799865]
928,[1.0089046614087072, 0.4991943125305352, 0.5005733268575657]
929,[1.000030459703674, 0.4992320735592468, 0.5017011785178553]
930,[1.0016092795256675, 0.4982859311354825, 0.4983167580167541]
931,[1.0028587569061609, 0.49648887059918556, 0.5022544292314364]
932,[0.9974568995987081, 0.5004846265941301, 0.49940935360024014]
933,[1.0058265324907762, 0.49661233686680956, 0.5020780443219437]
934,[1.0062373366866881, 0.4987632140996054, 0.5000249325239765]
935,[0.999171294361791, 0.49998154198020195, 0.49976070033848113]
936,[1.005091299246763, 0.4984691794820311, 0.4996717083000106]
937,[0.9959110410556596, 0.49637267370933813, 0.5010378692288399]
938,[0.991459216616351, 0.5044089955369649, 0.49931714291499263]
939,[0.9943678289376814, 0.5009389381357615, 0.5016941245169909]
940,[0.9964913483396508, 0.49986898266278135, 0.4994791215600365]
941,[1.0017116497244143, 0.4996594612491623, 0.5010074670326004]
942,[1.0081596548541567, 0.4978988254780051, 0.49889436736919657]
943,[0.9993972199547415, 0.49953643540580095, 0.4987945188303222]
944,[0.9956920537606043, 0.49952219161561834, 0.4998490044744678]
945,[0.9988558196329714, 0.5030888712583348, 0.501194432221795]
946,[0.9942385215179709, 0.5011310498963841, 0.502634208178476]
947,[0.9984343564105254, 0.5012203763027522, 0.5002421855893348]
948,[0.9979871279259459, 0.5002557717030883, 0.5029035851178507]
949,[0.9944601754927709, 0.5041199121118954, 0.5007506153899202]
950,[1.0055153167878164, 0.49649967510583976, 0.5007335236760165]
951,[1.015420361936516, 0.4954252186008976, 0.5008457318555182]
952,[1.0012630776381628, 0.49863993605609924, 0.5013409992732988]
953,[1.008571342173091, 0.4969333381661996, 0.4999326954176982]
954,[1.0066420438375943, 0.49836027754724577, 0.5003261574666358]
955,[1.0060476590609344, 0.49792573093392123, 0.4989800086152617]
956,[0.9991050134671868, 0.4983494172662086, 0.500687263616185]
957,[1.0086669626663718, 0.49992891284492974, 0.4998704713065248]
958,[1.0004158519474697, 0.4978948509262356, 0.4986481550989984]
959,[1.0010445423322034, 0.4979404024049544, 0.501012265192415]
960,[0.9916652020326229, 0.5002673116790068, 0.5012777489207049]
961,[1.0090262567322077, 0.49795023980245534, 0.496276048923107]
962,[0.9970109493438757, 0.5026388561054261, 0.4993163907884923]
963,[1.0028662956067298, 0.4972693629662593, 0.5021902996738212]
964,[1.006115117002892, 0.4960215277879647, 0.5000458882249943]
965,[1.0040013082351844, 0.4998238080650872, 0.49848104601896326]
966,[1.0110433399143315, 0.49890801080981295, 0.4975613501976914]
967,[0.9932326786892585, 0.49967253920759325, 0.5004362157547297]
968,[1.0055557735704546, 0.4998155525587537, 0.49679862573646916]
969,[1.0071580625938372, 0.49807733312256997, 0.4998623240420236]
970,[0.9977192719031845, 0.5016327047691452, 0.4982543307371817]
971,[0.9887586603038111, 0.500815852797578, 0.5030469143553649]
972,[0.9930894538589339, 0.5028716130234319, 0.4997292934315134]
973,[1.0068424135689036, 0.4956848580039611, 0.5014059459278654]
974,[1.0026465270469214, 0.49933738581711307, 0.5010537753168792]
975,[0.998784510069038, 0.4976375856204671, 0.5031226604863012]
976,[1.004162501619236, 0.49701879291989015, 0.49966823991329745]
977,[0.9967105186821662, 0.5043605650758585, 0.49749360682071697]
978,[1.0010018096031676, 0.4987147062353329, 0.49967666621622847]
979,[1.0013653221005017, 0.49852476082713953, 0.49987568878521743]
980,[0.9996022308740947, 0.5025525321937133, 0.49707035028792534]
981,[0.9976578545371014, 0.5003708540287142, 0.5030522652631101]
982,[1.015203514593689, 0.49540116313254756, 0.4993470369696097]
983,[1.0018618271840907, 0.49851965851847785, 0.5005526408724992]
984,[1.007982844341309, 0.49521234302075956, 0.5004307878391204]
985,[0.999195557065992, 0.5012971173065245, 0.49795821765561465]
986,[1.0064714345385344, 0.4975263449642873, 0.499979449314888]
987,[1.0031518252068, 0.498331367729951, 0.49974186936665815]
988,[1.004267557267341, 0.5016667198693742, 0.5010713867158971]
989,[1.005958458853328, 0.4970216173598935, 0.4997848336363315]
990,[0.9979761454238567, 0.49793283587108655, 0.5016688197465315]
991,[1.007511187176266, 0.4969353982995494, 0.5000704494339117]
992,[0.9957792613895503, 0.49790018861708313, 0.5021887716997806]
993,[1.007381263952075, 0.5005106633564284, 0.4995010938292083]
994,[1.0122769106304217, 0.4984667296937113, 0.49921649509132054]
995,[1.0057858448422539, 0.49865411721563735, 0.49913914915472607]
996,[0.9930966074049352, 0.5010593428418397, 0.4990204173174238]
997,[0.9900752276315601, 0.5020367805035916, 0.4995878874951582]
998,[1.0021779035507226, 0.49998570056444747, 0.5008328488143283]
999,[0.9961503723339589, 0.5003675823747411, 0.5001001343030148]