
0,[0.9987634900624779, 0.4961633760440093, 0.5047944337950797]
1,[1.0055368561552267, 0.49637570713082424, 0.5053345623055538]
2,[0.9850204419202434, 0.5118959332001123, 0.48784863555668045]
3,[0.9961977434645355, 0.5011019299665038, 0.4969504808964277]
4,[0.9979281320261182, 0.5011425760488405, 0.498721208332874]
5,[1.004161105988745, 0.49523507115277127, 0.5047462056662918]
6,[1.0085250276977413, 0.48891251260913565, 0.5120599510184127]
7,[0.9952709469510271, 0.5097904671940671, 0.4872955343166862]
8,[1.0026455020148584, 0.4945549060224378, 0.5073783952166206]
9,[1.0059579817105586, 0.5006785014645692, 0.496815136444668]
10,[1.0151413603713175, 0.4941420376347576, 0.500651174070372]
11,[0.9974811683158766, 0.497257539733102, 0.507501896573204]
12,[1.0039536465412109, 0.4943500746467907, 0.5058913695837165]
13,[1.003204118775714, 0.49508635982224924, 0.5057213566595739]
14,[1.0005996076265364, 0.499985376180526, 0.4982425504912622]
15,[1.0048351409850182, 0.4966267429798459, 0.5010878748648822]
16,[1.0012539451024136, 0.502332082398389, 0.49646504974885336]
17,[0.9974145725074862, 0.5002191609779795, 0.49685963773117153]
18,[1.0037727877687863, 0.5004897962274274, 0.501275011867261]
19,[1.016804580899025, 0.48401186826601933, 0.517807015202776]
20,[1.0038984397097703, 0.497217787826093, 0.5038834112494736]
21,[0.9915703831850026, 0.5015511497898116, 0.4997448891010089]
22,[1.0049104623433613, 0.48846966051097696, 0.5159272084096789]
23,[1.003819120866802, 0.4942307484051902, 0.503017007071434]
24,[1.0126434646855997, 0.49088512503110554, 0.5111579300508579]
25,[1.006773721052178, 0.4989843700868824, 0.4999510742985426]
26,[0.994929468728522, 0.5045981100798262, 0.497090121416738]
27,[0.9935540332872321, 0.5165493773404615, 0.47671363304213693]
28,[1.009295265937759, 0.494734763025754, 0.4987446588547011]
29,[1.0003715592599967, 0.5034442853853641, 0.49565579357989065]
30,[1.0054619195573526, 0.4978969277416808, 0.502740257366095]
31,[1.017138975916717, 0.4865792624407115, 0.5126062925020157]
32,[1.001546816242724, 0.5001024868232771, 0.4988903482027154]
33,[0.999480573970334, 0.4956170312124516, 0.5083544099408673]
34,[1.003628760024358, 0.4929319186968115, 0.5106474826733005]
35,[1.0020929411961568, 0.4876605684269876, 0.516264751502658]
36,[0.9969534392080257, 0.4892329476213811, 0.5185965593920754]
37,[0.9930091033288108, 0.5049845363732509, 0.49378166408883506]
38,[1.0155652214075217, 0.4887231246640832, 0.5098326328771087]
39,[1.0034100595043087, 0.49145890756310984, 0.5148317549316205]
40,[1.0155668566010405, 0.4834424576776071, 0.5192347281077455]
41,[1.0067546708602069, 0.49093117950074217, 0.5140055108081143]
42,[1.0003037229852176, 0.4974735039997756, 0.5032007645786252]
43,[1.0058302118030966, 0.49572335514916066, 0.5026836466606329]
44,[1.010034771528541, 0.4850775760410989, 0.5183157669725028]
45,[1.001968088350871, 0.4972381411699966, 0.5013370106896381]
46,[1.0101821908642397, 0.49346422417639607, 0.5057321991378239]
47,[1.0107950252107825, 0.4969785548309363, 0.5009974153837708]
48,[0.9965587972297932, 0.4996898703201246, 0.5038610577791862]
49,[1.0081394353682562, 0.5006966586343032, 0.49768239921742374]
50,[1.0082540333554155, 0.49106823666788174, 0.5111455310123648]
51,[0.9931487679596653, 0.5009818197482697, 0.5001764203650748]
52,[0.9904668802772835, 0.5034792073006914, 0.4942719102515478]
53,[0.9957013479820286, 0.49765201591677694, 0.5020686708915075]
54,[1.0092329812062986, 0.5024351208121378, 0.49292932871127704]
55,[1.0074612709893638, 0.4975509493782705, 0.5028043473299918]
56,[1.005966121222303, 0.4901178658509924, 0.5145004541664168]
57,[0.9957668053957056, 0.5061104995928879, 0.49475326076080267]
58,[0.9999515538530362, 0.5042038455365778, 0.49720707558050536]
59,[1.0037952274913207, 0.5017544686194426, 0.49421995033962923]
60,[1.0058097778911104, 0.4937445436873859, 0.5084152710393992]
61,[0.9979544333836157, 0.501428355827078, 0.498034868679613]
62,[0.9997076338055386, 0.4983360957483847, 0.5006452672189631]
63,[1.0025633418519044, 0.4977435604142975, 0.5000677226174328]
64,[1.0067441776582495, 0.49057663389941353, 0.5107403312918083]
65,[0.9933882104778065, 0.5091870454892679, 0.4889002944605412]
66,[1.0010278745155288, 0.4966266992058555, 0.5081447268889792]
67,[0.9960420443561628, 0.5120830450103739, 0.4837096881540267]
68,[1.0025363645909289, 0.49507048052620706, 0.5070126977900249]
69,[1.0079453023507716, 0.4817902475809326, 0.5236155723616144]
70,[1.0060661384057703, 0.4960760494964525, 0.5073912314202955]
71,[1.01187382925414, 0.485489741128915, 0.5194254818358023]
72,[0.9968166757500999, 0.5043761678504505, 0.4939608792908156]
73,[1.0093293696803065, 0.48956586057922, 0.5098831832793721]
74,[1.001632629275499, 0.4958348932780436, 0.5007224283032059]
75,[1.008300469176843, 0.49147869588304177, 0.5109213811347835]
76,[1.0004760764843723, 0.49895684900494347, 0.5008631533760834]
77,[1.0076286491375441, 0.4994548166679198, 0.49490238299416983]
78,[0.997071687619382, 0.50036563115939, 0.5019876489245122]
79,[1.007394944865694, 0.49635823957340874, 0.5035491936631495]
80,[0.9957223088007793, 0.49752068273220396, 0.5022280635607824]
81,[1.0156892562721898, 0.4877839842085929, 0.5109786397593021]
82,[0.986943129978121, 0.507651777966107, 0.4925057253855918]
83,[1.00298599306445, 0.5023719816096769, 0.49186410185811075]
84,[1.0050470451769797, 0.4988507717498636, 0.4993418921894298]
85,[1.0055597134961514, 0.49035942816722927, 0.5147125238725694]
86,[1.0038204779082542, 0.4915463466415876, 0.5093443125341383]
87,[1.0045278724331315, 0.4982284092977525, 0.49888563487780085]
88,[1.0011441311985043, 0.4955035727218095, 0.5042686287814886]
89,[0.9990050331731375, 0.4970726952522675, 0.503992818563285]
90,[0.984283142450759, 0.5137292418272583, 0.48147338585537125]
91,[0.9975804338456797, 0.5046791108105898, 0.49292030965982353]
92,[0.9965519669079886, 0.505094304418903, 0.4930229352646686]
93,[0.9996813946467338, 0.49861019053591527, 0.505760884125369]
94,[1.0163722307286005, 0.4842426787191923, 0.5171133945819316]
95,[1.004921456994201, 0.4965865783635087, 0.5047482984343163]
96,[0.9976628559432693, 0.5041290709679249, 0.491033531316616]
97,[1.0026936808372673, 0.49614266252977535, 0.5047066609433541]
98,[0.9940230849544066, 0.49753385413164614, 0.5054879566823265]
99,[0.9971423727865412, 0.5050096133520662, 0.49333680232607446]
100,[0.9955146973238789, 0.4988319705267379, 0.5005917987626647]
101,[1.010356496697745, 0.49067768782863463, 0.5137049437374787]
102,[1.0065166518245205, 0.4931334812064531, 0.5063161422314553]
103,[0.9950776685808499, 0.4996413010376197, 0.5006863479769624]
104,[0.9989132774627467, 0.4966865019861877, 0.5063059780858498]
105,[1.0059703220365461, 0.48444319776381695, 0.5189707090288185]
106,[0.9822389957022477, 0.511137527748223, 0.48775017520061714]
107,[0.9926861125793143, 0.5058694872353018, 0.4895562889399521]
108,[1.0074538192730065, 0.4850773716821653, 0.5198482374945678]
109,[1.0107965027132095, 0.49224934636418594, 0.5075388227010326]
110,[0.9937627292540392, 0.4996422205795568, 0.4986402359805613]
111,[1.0016774157709214, 0.49608656719394795, 0.5020479182292228]
112,[1.0069114389093712, 0.5003450855730486, 0.4950933185693955]
113,[0.984719245872688, 0.5167835388619738, 0.4808747385045337]
114,[0.9941501673620494, 0.5067525804503974, 0.49574627983406033]
115,[0.9955243800736222, 0.500902091248248, 0.5047642199833183]
116,[1.0028417069472553, 0.49619036142889383, 0.50288571118019]
117,[1.0138606220616233, 0.48359436047569576, 0.5219485596696023]
118,[0.9933538837355137, 0.5021616509299776, 0.4988085086775137]
119,[1.005376455552249, 0.48978160119971054, 0.5156294500022258]
120,[1.0025249674700238, 0.4898496208663371, 0.5154974522323776]
121,[1.003186599685825, 0.4880333585383282, 0.5159218426094385]
122,[1.0003273288587102, 0.4963633563663024, 0.5022705293889955]
123,[1.0067850310333322, 0.4931546503568539, 0.5079550867109455]
124,[0.9954834583771006, 0.5047043900301443, 0.49336142057057497]
125,[1.011562726872126, 0.49974065080579116, 0.4968925293658484]
126,[1.005501709136907, 0.5042050690312576, 0.48862182525098297]
127,[1.0116482599380439, 0.4991410354233246, 0.49548771906474876]
128,[1.0113427724953687, 0.5002512735196744, 0.49475994475365564]
129,[1.0118283998400992, 0.4907623497295425, 0.5116003955589856]
130,[1.002752637443173, 0.50700281777201, 0.4875543888750614]
131,[1.009046881338115, 0.4898110424472497, 0.509769738834568]
132,[1.0008221426613193, 0.49819297284523295, 0.5018598884396329]
133,[1.0031444992733158, 0.49749733106456767, 0.5020634804853357]
134,[0.9917864732318175, 0.5048667521255749, 0.4920897299074381]
135,[1.011833603945991, 0.49261052919501747, 0.5048755074453146]
136,[1.0114622865971388, 0.4921006931093078, 0.5074856841975853]
137,[1.0117385492381639, 0.4787079477962712, 0.5277527670647315]
138,[1.0033294561572554, 0.4973808648354255, 0.5037662751734177]
139,[0.9973882512694617, 0.4997195626210654, 0.5036034495744878]
140,[0.9941148177233692, 0.4974122563783559, 0.5005509998643002]
141,[1.0074135082819553, 0.5009862511117859, 0.4933040154745322]
142,[1.0077926934492882, 0.5037429126876859, 0.48953242351547427]
143,[1.0006621145883818, 0.48994050154951807, 0.5180835822110048]
144,[1.0030852553375595, 0.5033176276842575, 0.4903955344266054]
145,[0.9996225166274156, 0.5096502906787856, 0.4863687656628381]
146,[0.9870388778855147, 0.49979671466193826, 0.5019058347522255]
147,[1.0086105535403866, 0.499359785246364, 0.49596215165016944]
148,[1.0011836496578195, 0.5084337210945283, 0.4864762975748324]
149,[1.0011016536783348, 0.5000465856987062, 0.4947878009219245]
150,[1.0051143250412349, 0.4938835925233986, 0.5086206433837037]
151,[1.000316519389703, 0.4993657613558688, 0.5006871412413243]
152,[1.0080324438977606, 0.49474010189507844, 0.5075782477690298]
153,[1.0122070337755344, 0.4929227948990743, 0.5085679243107994]
154,[1.0092437160466765, 0.4959340680588291, 0.5055973208238251]
155,[0.999125517267267, 0.49899305251206444, 0.5011820097019823]
156,[0.9963836687244032, 0.4988101956969591, 0.5021693636051868]
157,[0.9977477444477786, 0.49648184592295447, 0.5053066407523243]
158,[1.0004728384054054, 0.5018424402649894, 0.49881797843348546]
159,[1.000066303926513, 0.4950722914108158, 0.50375067747745]
160,[1.0025757092791168, 0.49698945312924303, 0.5059267158305363]
161,[1.0024088079869817, 0.5013209440848995, 0.49951530354350737]
162,[1.0016351352691817, 0.49512296225221497, 0.5021082682030149]
163,[0.9953458556203084, 0.5046465614035188, 0.49127943810067515]
164,[1.0008635926751004, 0.4968261815572059, 0.5041574688708045]
165,[0.9985804164310124, 0.5004812448605968, 0.4981324851081099]
166,[1.0024809089834208, 0.5032059776510527, 0.49283727803473837]
167,[1.0003269848806497, 0.5009488657544684, 0.4995242380897872]
168,[0.9937328253722589, 0.4994223643783668, 0.5031582125193671]
169,[1.0050139020430722, 0.4955356176821671, 0.504647142192412]
170,[0.9998100432558572, 0.5084751801802149, 0.4903849358900886]
171,[1.0000186491555432, 0.4962483606101126, 0.5018804681005152]
172,[1.0001159816501601, 0.4942662639809677, 0.5061588913567752]
173,[1.0069922541936975, 0.5013370860138916, 0.5005850775037162]
174,[0.9981228714640106, 0.49611693899161435, 0.5082089797318872]
175,[1.000181093423754, 0.4991981925274608, 0.5027107432001322]
176,[0.9891257829089115, 0.5038608697447977, 0.5025400543735322]
177,[0.9962294337387252, 0.4999679189711824, 0.4982823779872491]
178,[1.0087026138531907, 0.48609693078408817, 0.5207809072400653]
179,[0.9918929694941474, 0.5062974984837202, 0.4925737651917907]
180,[1.0117535967253883, 0.4921254063987561, 0.5070476048733777]
181,[0.9946527076437397, 0.5015923992875081, 0.5020095646730602]
182,[1.0176739511658117, 0.47803968333353647, 0.5262289217118339]
183,[1.0088245300722176, 0.49183876251088005, 0.5115998832941431]
184,[1.0011764866401092, 0.5001470028886827, 0.4964095760594605]
185,[1.0027485798673232, 0.4884874970146633, 0.5111910470042419]
186,[1.0028354189628796, 0.5050600811358629, 0.4930768002029464]
187,[1.0061417774075045, 0.49357450375446427, 0.5060735659348173]
188,[1.005096246740111, 0.49677910553112375, 0.49942849793510835]
189,[0.9931140705698998, 0.5017713672928013, 0.49669572175058574]
190,[1.0062018664859864, 0.49486836382612254, 0.5072947774692066]
191,[1.002080118535048, 0.48970836210591884, 0.5148509479966796]
192,[1.0025018701196824, 0.4935874523208539, 0.5080951344650974]
193,[0.9983664797037212, 0.5040360613614836, 0.4932507485206277]
194,[1.0028196543317849, 0.5055637052218157, 0.49145786655733376]
195,[0.9946514749703117, 0.5042182749050569, 0.49355944088781967]
196,[0.9974892944311831, 0.49779295747264396, 0.5051469491793221]
197,[0.9983896179532994, 0.4993365275338237, 0.5060852886309535]
198,[1.0065356589386567, 0.4973713416215307, 0.5050962916275838]
199,[0.9962071030016312, 0.4965334438261057, 0.5048024537461718]
200,[1.0136659968674004, 0.49263943770235813, 0.508242234720445]
201,[1.013492179022403, 0.49535798132721626, 0.503401142572306]
202,[1.0129541618540676, 0.48973868724342284, 0.5130685781951179]
203,[1.0003458577353217, 0.5008250106547361, 0.5033392670829491]
204,[1.0012536502176945, 0.5006486929599101, 0.49728467780073954]
205,[0.9989172278131722, 0.4952711922183003, 0.5071034479689646]
206,[1.0042627732801772, 0.49664774396038414, 0.5055395143661231]
207,[1.0003605755556864, 0.5066995381355747, 0.4906995591217479]
208,[1.0002894545543712, 0.49182191375516554, 0.5096497011203361]
209,[1.0174639681815336, 0.4930232101635449, 0.5018027281817781]
210,[1.00461403716189, 0.5002261106177864, 0.4934288601059411]
211,[1.0076042707859327, 0.49951968986628104, 0.5022260204786461]
212,[1.0101490305140441, 0.4820954278943273, 0.5233845209876395]
213,[1.0005456879970207, 0.4993662851224885, 0.5033170422728305]
214,[1.0026419557997455, 0.4942034897060112, 0.5086362601634029]
215,[1.0084373142154623, 0.48897552422233964, 0.511560487423091]
216,[0.9973560765426611, 0.49995462532407053, 0.5004195929643052]
217,[1.0097893741121053, 0.48359224804766415, 0.5215294978758385]
218,[0.999543934509737, 0.4962326572305081, 0.5037358031777691]
219,[0.9998390248278987, 0.49976804018746634, 0.5018799949506267]
220,[1.0088602207033905, 0.4946072658361249, 0.5031839632676862]
221,[1.009944964834527, 0.4831005739847844, 0.5260870938169462]
222,[1.0085748762174869, 0.5000438246006101, 0.4949820798368288]
223,[1.00287219797956, 0.496182647658022, 0.5087947933484258]
224,[1.0105815435089471, 0.49157870384441965, 0.507680978844201]
225,[1.0209364628260715, 0.4773523840602203, 0.5244750732533574]
226,[1.0056106428533886, 0.48869198971151623, 0.5150457843118373]
227,[1.0128293744586845, 0.4912156815300627, 0.5098277029540412]
228,[1.0016284951016772, 0.5016392733362377, 0.4931253664561051]
229,[0.9888274037582155, 0.5073487320274447, 0.4937721342986139]
230,[0.9936979858361064, 0.5081725580849156, 0.48946650180098134]
231,[0.9931870176782917, 0.5002132203914155, 0.50106822342199]
232,[1.0038151564642905, 0.49571541341302955, 0.5113652850955155]
233,[1.0093742045186507, 0.49032876589899693, 0.5114236192203191]
234,[1.0021386478405059, 0.4981410547135778, 0.5014358501449093]
235,[1.0013748181567101, 0.5078426481708336, 0.490251137824292]
236,[1.0073920444608464, 0.489402147820884, 0.5114742020323415]
237,[1.0102791860508957, 0.49299251703839386, 0.5078796898656797]
238,[1.0007216603280347, 0.5007142931256594, 0.49315743928041617]
239,[1.000443619294022, 0.4950286092453281, 0.5030683282737511]
240,[1.001236105453469, 0.49978169481013757, 0.5006342053013964]
241,[1.0024776828302993, 0.4961745460930881, 0.5041006752876025]
242,[1.0050732285447848, 0.49747436637270376, 0.49899918114028696]
243,[1.0130096467161784, 0.49477085209340493, 0.5040334857640985]
244,[1.0002574250534633, 0.4976106357551832, 0.5019088479923182]
245,[1.0054712022619705, 0.49487230428282036, 0.504924404366545]
246,[1.0071551797133018, 0.4911943555127088, 0.5107302933473429]
247,[1.003863396141883, 0.49928046273349264, 0.5031498234416037]
248,[1.0014089906664456, 0.4956901430089206, 0.5067875956931607]
249,[1.0010032432850131, 0.4964263092681581, 0.5038213027744255]
250,[0.9972978536723166, 0.49644409838743875, 0.5062021191505168]
251,[1.0018594053148977, 0.49827033265215215, 0.5019235644919654]
252,[0.9951339491177302, 0.5019353094477902, 0.49666328853813463]
253,[1.0052785474604287, 0.49673746185932444, 0.5036543396102439]
254,[1.003280106022697, 0.5003550808249709, 0.49766510707331546]
255,[1.004973340010176, 0.49492051129423936, 0.5071376611826371]
256,[0.9925930197260736, 0.5129011071880228, 0.4826040915930844]
257,[1.0006469209027624, 0.49437547527691067, 0.5101751891322458]
258,[0.996350274620745, 0.5021802788352294, 0.4952464175419194]
259,[1.0035672768018726, 0.49259150973516136, 0.5119259243766073]
260,[0.9979186261669047, 0.5003895998215835, 0.49779141394329807]
261,[0.9986291360218204, 0.5069963076980728, 0.4871640217488158]
262,[1.0049379463549768, 0.4947103267938423, 0.5081366999335307]
263,[1.0120393784509236, 0.49350068954336346, 0.5076136595857296]
264,[1.0020453849739794, 0.4994178913818125, 0.502242856964692]
265,[1.002234703299776, 0.49893002417549553, 0.49986483823998035]
266,[1.009372000565108, 0.4865160061847013, 0.5194063781117007]
267,[1.0098064646345666, 0.4950121482346759, 0.5013049944481915]
268,[1.0125310328943207, 0.49215677414126385, 0.5083839899341893]
269,[0.9994293108021132, 0.5053918073091699, 0.49221525930256405]
270,[1.0133645342786475, 0.49443265536148, 0.5058531632202785]
271,[1.0117771345009317, 0.48614556402122544, 0.5148735759143578]
272,[0.9948248510354755, 0.5058389207393793, 0.4915554550320183]
273,[1.0037480878353735, 0.49662156771741334, 0.5049496510088952]
274,[1.011351234177859, 0.4956752756616805, 0.5055698832784655]
275,[0.9963860629004195, 0.49165747956953804, 0.5151501110004416]
276,[1.0100377787939385, 0.49322413548775473, 0.5083142446012081]
277,[1.0027934727351449, 0.4904103935042849, 0.5129497870405456]
278,[0.9968879040118596, 0.5039922321653535, 0.4968577984569726]
279,[1.0014530466171718, 0.4949577383083606, 0.5047529942335263]
280,[1.0064290703805483, 0.4984188204319059, 0.5040123447493705]
281,[1.0096072642443827, 0.4895903677294905, 0.5115182634973842]
282,[0.9982984785999806, 0.5027284767469409, 0.4948630429405188]
283,[0.9987115512680848, 0.499570048492295, 0.5026623961385631]
284,[1.0025856716640333, 0.5093299296830646, 0.4852096607051847]
285,[0.9973584304848178, 0.5014915287927326, 0.49950683021574926]
286,[1.002038077084741, 0.49775158599495306, 0.5035271136765157]
287,[1.008928976561294, 0.5033433745715268, 0.4938309493202225]
288,[0.9935050450559785, 0.4955040867058681, 0.5102440984748184]
289,[1.0205400586977607, 0.4807664177278905, 0.5228916804015319]
290,[0.998022447556032, 0.4948741926465124, 0.5038378853785505]
291,[0.9992661565556047, 0.4963426858629042, 0.5043099347091825]
292,[1.004132325408805, 0.49703045985253647, 0.4995459816416534]
293,[1.0061323043924675, 0.48588128656448654, 0.5204937386203442]
294,[0.9947443238431687, 0.5011090190422197, 0.49964421663089814]
295,[0.9952788873175612, 0.4937876016490591, 0.5115526729845482]
296,[0.9939827787011734, 0.5091446625129566, 0.4879972014899053]
297,[1.0000855334740268, 0.4957862661182852, 0.504355659516133]
298,[1.0079642546228123, 0.49800276986694264, 0.4992297356954508]
299,[1.0095231825652589, 0.4878792255361614, 0.5116235492205835]
300,[1.018347387428989, 0.48424749839375186, 0.5174228979023038]
301,[1.0062574111077383, 0.497452950254054, 0.49757426047722225]
302,[0.9971003125528031, 0.4971298362394134, 0.5020300549888257]
303,[1.0060869348116595, 0.49725859828033475, 0.500779773040208]
304,[1.0068356762446216, 0.4870659443790266, 0.5167258973313951]
305,[0.9968518658435322, 0.5005041016294881, 0.49956233797523036]
306,[0.9998465835656755, 0.4960641078184176, 0.5006971506672058]
307,[1.0089360782491281, 0.4909093824229587, 0.507540190567565]
308,[0.9972135752422413, 0.5048704822168645, 0.49481303603206445]
309,[1.0129977309910771, 0.4826235123548317, 0.5185533983426139]
310,[1.0211294084425813, 0.49024196040746165, 0.5123778265429256]
311,[1.0020116947530266, 0.49067844196748056, 0.5133589282741453]
312,[0.9802404722432904, 0.5147873460044218, 0.48502849365998724]
313,[1.0010100445444097, 0.5012278371434422, 0.5009006310117171]
314,[0.9978360717394912, 0.4986671382390995, 0.4993820217184964]
315,[0.9981709094042845, 0.49174469923637293, 0.510904289357792]
316,[1.0069290807594289, 0.4904340317341306, 0.5091911592802093]
317,[1.005073018935262, 0.4989943406154313, 0.4966443431764312]
318,[0.9912231510803823, 0.5039045815096216, 0.49674158859361006]
319,[1.004091005077553, 0.4981709870295759, 0.5005329047802167]
320,[0.9952907430011741, 0.5095061645186448, 0.48728581194985693]
321,[0.9974908909849045, 0.5006322365336843, 0.5001637273110285]
322,[1.0007256508188933, 0.5009451205000932, 0.49615065007777787]
323,[1.0040454082497547, 0.49671480665391077, 0.5026654604948467]
324,[1.0049120645768141, 0.506501208334939, 0.48776821411805665]
325,[0.9998357630029285, 0.4998363271877175, 0.49962055632576197]
326,[1.0074230271021556, 0.4885626957808161, 0.5170901837657711]
327,[1.0011407446405682, 0.4976935572197656, 0.5000897070158339]
328,[1.002002687557008, 0.49758483044424473, 0.4985964565561867]
329,[1.0105665616130852, 0.4937190574941733, 0.5047773587271864]
330,[0.9997348858177251, 0.5037284490046412, 0.49568239533497443]
331,[1.0003294761199053, 0.5055878262936498, 0.493673404220047]
332,[1.003248735380665, 0.493497814912595, 0.5073130398877524]
333,[1.0097798673140073, 0.48609032321122925, 0.5184546479515537]
334,[1.0100705559787528, 0.48690848068217646, 0.5150633436803332]
335,[1.0007163862761574, 0.4931353582017749, 0.514797232970185]
336,[0.9964122698235844, 0.4987433340243044, 0.5008094569681479]
337,[1.0144833963129805, 0.48782909224990684, 0.513818880948672]
338,[1.0022753567669076, 0.4976583890090151, 0.5028826263121339]
339,[0.9984934341513738, 0.5091983275903065, 0.48613504611026287]
340,[0.9978708474222685, 0.5011660621817097, 0.4973791355470233]
341,[0.9935607646123303, 0.503543605278689, 0.49952365811186344]
342,[1.0020966511132987, 0.48789052703329444, 0.518568772626277]
343,[0.9963207565269737, 0.5127414710118215, 0.47908200217374425]
344,[1.0032315424442908, 0.49214151131890715, 0.507271662874483]
345,[1.0172517040121636, 0.48814346490423927, 0.5100374694827507]
346,[1.0049609278560396, 0.4999063840877339, 0.4998929086035684]
347,[1.005598128005877, 0.4954941850839611, 0.5030520173588195]
348,[0.9958271861268726, 0.5010292492094405, 0.5034133638598235]
349,[0.999111280151099, 0.4986099078525037, 0.501086735876485]
350,[0.987479353275023, 0.5049511896984626, 0.49202799927899266]
351,[1.000716169540685, 0.5013800396586358, 0.49552064761064574]
352,[1.0065360962400516, 0.48974371476205264, 0.5121145200301995]
353,[0.9965106647163271, 0.5061801733627579, 0.49428901591717533]
354,[1.0053085884322621, 0.49576268940555157, 0.5057226846749392]
355,[1.018958679020215, 0.47939761404694187, 0.5284948065908263]
356,[0.993293676875721, 0.5026798067458815, 0.4991041841497089]
357,[1.012278930116319, 0.4950682538315091, 0.504900584390029]
358,[1.0053082542435992, 0.49035990739448565, 0.5117992368773505]
359,[0.9994988189794412, 0.49531927378069707, 0.5072934679339536]
360,[1.0082613437244627, 0.4946649908331335, 0.5049476339225465]
361,[0.9992294151164529, 0.4995388439630033, 0.5002635241770826]
362,[0.9896416260657327, 0.5046174452953858, 0.4954949336233637]
363,[1.0023118339409904, 0.4996638334351442, 0.4983278868752384]
364,[1.0106266670380828, 0.49829578606604025, 0.49482639454530997]
365,[0.999491732856155, 0.5066087726985977, 0.48605795684832764]
366,[1.000478628515879, 0.4998850335620275, 0.4980518675311329]
367,[1.0096653949891374, 0.4906024884038447, 0.5110329176866566]
368,[1.0116963861243236, 0.48918895721842337, 0.5080922319390954]
369,[0.9894393905250843, 0.5111973500429594, 0.48212474497805513]
370,[0.9879477682575013, 0.5057889177252566, 0.4931827147468572]
371,[0.9916922993426439, 0.5075698134331186, 0.4902855742838686]
372,[1.002154020671422, 0.48975283831548716, 0.5095155099553844]
373,[1.005699909900943, 0.4976831402051793, 0.5009903017359347]
374,[1.0039345944774132, 0.49541417758293543, 0.5095377362998218]
375,[1.0041405634563036, 0.5003546679716436, 0.4940491102014533]
376,[0.9905862101099024, 0.49930104366276484, 0.5053274079461244]
377,[0.9991926769802967, 0.48427045521423556, 0.5229304082151656]
378,[1.000368145091049, 0.4970172631727487, 0.5033225184729491]
379,[1.0059940169264496, 0.499037311325092, 0.5008797615394824]
380,[1.0040023866357957, 0.49859239084800216, 0.5009423669302552]
381,[1.0038393936797048, 0.49356905155226954, 0.504514701817436]
382,[1.003533930391535, 0.4884216460733466, 0.5180886504379433]
383,[1.0071546534737195, 0.49476099190231343, 0.5102410356718532]
384,[0.9933922200113731, 0.4998736223895235, 0.5001569683813344]
385,[0.9976343586689216, 0.49494223996724074, 0.509131621981124]
386,[1.0064852066322747, 0.4922146518029633, 0.5112873659537265]
387,[1.008170880604538, 0.49153612875220276, 0.507171085001896]
388,[0.9969265715694021, 0.49818828632620626, 0.5066409235300718]
389,[0.9967495647335044, 0.496575884283915, 0.507845433621847]
390,[0.9918856102037887, 0.5019967077160111, 0.5005006046950539]
391,[1.0087389304647072, 0.4875453778857979, 0.515153835887881]
392,[1.0035317745874912, 0.49819313217607986, 0.5046148593662223]
393,[1.0057730096914532, 0.4937842956631441, 0.5066146076578314]
394,[1.015630635423319, 0.48575813393473694, 0.5153690763350273]
395,[1.00451987994983, 0.4956805715488992, 0.5030374936308913]
396,[0.9953164033092159, 0.5123821382680166, 0.4787950116629621]
397,[1.000457530233825, 0.49938575450338857, 0.50084116494368]
398,[1.0029077720322548, 0.4927430510737501, 0.5089321073815801]
399,[0.9943494197753887, 0.5051926245443182, 0.4920353663253119]
400,[1.0041056530930066, 0.4952574521665189, 0.5055389490562567]
401,[0.9954982870166125, 0.5094887064559218, 0.48547851325589675]
402,[1.0074763509967843, 0.49539095356960944, 0.5035050719688299]
403,[0.9949222608569639, 0.5075986130416955, 0.4876942950713842]
404,[1.0036409693144317, 0.49799395449695916, 0.501149621405382]
405,[0.9994692989638423, 0.4916339526063576, 0.5116694453253776]
406,[1.0018880127369123, 0.5029571560555033, 0.4929347518451815]
407,[1.0094606920034752, 0.49398946213288725, 0.5029767985071649]
408,[0.9930883029530458, 0.49479646579688324, 0.5056836382504133]
409,[0.9994055923302624, 0.5037781893214412, 0.4965766537446275]
410,[1.0053890513262893, 0.4920799039248855, 0.5098726277485195]
411,[1.0043372419252754, 0.494059334538631, 0.5074005811790757]
412,[1.004433593138405, 0.49699197843361914, 0.5051509683914125]
413,[1.0023369982187376, 0.4909585832093563, 0.5089478304898684]
414,[0.9939180904563026, 0.5019027014974001, 0.49644352196874425]
415,[1.0108062783267044, 0.49627755027033815, 0.5004412285832534]
416,[1.0053418883047744, 0.5050971962746318, 0.48957803455901616]
417,[1.0008030291542263, 0.5032776294649012, 0.49248198597240767]
418,[0.9946013980618004, 0.508188498648018, 0.48779272535172746]
419,[1.0129474682723556, 0.4909164252639637, 0.5127025467055332]
420,[1.0000855915506126, 0.5018285320105585, 0.4957547475364107]
421,[0.9989092988881526, 0.505438922837931, 0.49194120355475424]
422,[1.0000060079567559, 0.4973437588386871, 0.5062354877041237]
423,[0.9916143919520236, 0.4974991186802321, 0.5118652088616278]
424,[0.9981372551282258, 0.5004139683313118, 0.4971100145125298]
425,[1.0020210776482772, 0.49614169910495004, 0.5011328648344159]
426,[0.9996761430736488, 0.5077304612440627, 0.48754272889790945]
427,[1.001067311238358, 0.4969309404741931, 0.5013578258422775]
428,[0.9983707490037834, 0.5028365170916735, 0.49541004237479147]
429,[1.003880116573151, 0.5056083827434638, 0.49028080947290315]
430,[1.0062241296783472, 0.4913860624808317, 0.5105562425845485]
431,[0.9975479013309367, 0.5021331130496536, 0.4932210448315496]
432,[0.9885474082014437, 0.5032522360308318, 0.4982112294909949]
433,[1.0062798461117943, 0.4959186111543595, 0.5039823931488682]
434,[0.9983182463491865, 0.49437574387007643, 0.5066074860122275]
435,[0.9970363032977547, 0.4986502619173023, 0.5035186636530499]
436,[1.0035941597365983, 0.48810693256630744, 0.5170146213538612]
437,[1.0014820648802123, 0.48846918801295003, 0.517256896399475]
438,[1.0060804823623775, 0.507958718591887, 0.4874974852277295]
439,[1.014222400956845, 0.4893723955052914, 0.5128216604461094]
440,[1.01132690470133, 0.4959617589169738, 0.5044538487422522]
441,[1.0021805799722716, 0.49364499009977203, 0.5075632583634231]
442,[0.9972380669469537, 0.5001063367663953, 0.4995137285822244]
443,[0.9943470003017277, 0.5074546302935269, 0.4936467290830404]
444,[1.0083241518053871, 0.49191691311369806, 0.5106492477423674]
445,[1.0009693726242337, 0.4987173740379236, 0.49881098457214146]
446,[1.0009694402279823, 0.49087836041591093, 0.5130508833565139]
447,[1.006692169653061, 0.49377334534767375, 0.5067140814671535]
448,[0.9990263170179676, 0.5019642468230375, 0.4972588898050739]
449,[0.9990489223011988, 0.5007486846906286, 0.4997071069959446]
450,[1.0053265065035204, 0.5002693789427043, 0.49905034948199006]
451,[1.006483230099473, 0.49592418927438536, 0.5071080834874515]
452,[0.9910691420387322, 0.5068171642929074, 0.48667447312375006]
453,[0.9943694053981623, 0.5121311287033188, 0.4813480602373795]
454,[1.005086206013739, 0.4971180510510199, 0.5052820181078314]
455,[1.0042800786811508, 0.49878732866687175, 0.5022098014225385]
456,[1.0103922592131696, 0.4949679453155423, 0.5051253828902138]
457,[0.9953117977699412, 0.5041111801409249, 0.49433758546013973]
458,[0.9998698898074939, 0.5065154160097503, 0.48724301784050267]
459,[1.0092745790677742, 0.4892274901143579, 0.5132416169284314]
460,[0.9945566468419063, 0.4987747206255746, 0.50141540739755]
461,[0.994611562762268, 0.5041961045460899, 0.49866695549485457]
462,[0.9977244387748347, 0.5010565954942447, 0.4979384389112382]
463,[0.9997079655128656, 0.4981324780014407, 0.501510045688141]
464,[1.0010580171136756, 0.49577727505672026, 0.5068898290856904]
465,[0.9975598803522387, 0.4976858770645371, 0.5008344266131981]
466,[0.9946719899998492, 0.4971308410654536, 0.5044476190275482]
467,[1.000125540300022, 0.49488933003749774, 0.5062981016905378]
468,[1.0108701208787645, 0.4905992917701735, 0.5105494324979496]
469,[0.996148633869272, 0.5059162843974857, 0.49115135747714467]
470,[1.0070927922227524, 0.4931931326036455, 0.507963976194725]
471,[1.0118066677754753, 0.4819325756425678, 0.5171488169616776]
472,[0.9969647254309482, 0.4997078482512132, 0.5018231410180038]
473,[1.0074331150267515, 0.4887137652485186, 0.515779286881451]
474,[1.0155621968229236, 0.4889755866426624, 0.5083688549510444]
475,[1.000814988139094, 0.49452180042180893, 0.5088917252603326]
476,[1.0172316677812878, 0.48693098638588106, 0.513419657395298]
477,[1.004510092005261, 0.48764198649018947, 0.5155228697086014]
478,[1.0029348510919942, 0.49813345207528914, 0.49827434596162046]
479,[1.0134933110041908, 0.4966312061012982, 0.5010566669818782]
480,[1.0011358366036784, 0.4935781691026034, 0.5078705889355025]
481,[0.9842433602953484, 0.5161882175182261, 0.4834183074198649]
482,[0.9958970781383075, 0.5044131103722373, 0.49907092115750823]
483,[1.0007054797828663, 0.5054549300791478, 0.49169568716872447]
484,[1.004233982185607, 0.497667911282813, 0.503112502621263]
485,[1.0054191497345368, 0.4955031800826081, 0.5037166379393508]
486,[0.9961089062879537, 0.5011294343396433, 0.4959714043667318]
487,[1.0057558653869156, 0.49282698930162283, 0.5095306095109129]
488,[1.0016156268962455, 0.4952074656851389, 0.5065907122502453]
489,[1.0089543802202297, 0.49641111138466854, 0.5021295869067954]
490,[1.0118694178076788, 0.4858664427825094, 0.516986199371545]
491,[1.0055400130714978, 0.49028022445820657, 0.5160101148670183]
492,[1.0110299712395587, 0.4875799751630846, 0.5140118592854933]
493,[1.0032819933324744, 0.4958239517571011, 0.5023369972970071]
494,[1.0027602396376472, 0.4973977329491996, 0.5056359847477281]
495,[0.9992444891831932, 0.5047471336631294, 0.49484192923279663]
496,[0.9916778160591476, 0.4903075595791677, 0.5198613874409204]
497,[1.0123639728285398, 0.4912168110479826, 0.5104473439036249]
498,[1.0058421903293644, 0.48740877536534616, 0.5143166148518846]
499,[0.9994234046266369, 0.49330935431834244, 0.506799501467942]
500,[0.9982184432366482, 0.5027868953152282, 0.4973879587006964]
501,[1.0068189077383456, 0.4950944088443384, 0.5042081689379087]
502,[1.0063834412491142, 0.49758730434343273, 0.5022008631486324]
503,[1.0037948956672038, 0.49085636039577074, 0.5173835069502779]
504,[0.9937496719080331, 0.5115048629670002, 0.4855609044580008]
505,[0.9943900324503185, 0.49614544331437177, 0.5101982338726273]
506,[1.002011420951964, 0.49739932234950984, 0.5048495639577396]
507,[1.0070363920654384, 0.49068084431525394, 0.5124046199916296]
508,[0.9963063729005681, 0.5022282376178138, 0.4972493758742746]
509,[0.9986467761837036, 0.485495190376964, 0.5223729589410366]
510,[1.0200980809645208, 0.4820129086307758, 0.5212886930172351]
511,[1.000586227412531, 0.4902202694270216, 0.5114325217735003]
512,[1.0075834940314232, 0.5014540413619298, 0.4924855718738554]
513,[1.0020007224705576, 0.5076123321233077, 0.48622326514990943]
514,[0.9960863099664601, 0.4960275962536272, 0.5074781221563508]
515,[1.0035127283289866, 0.4968139202864614, 0.5038299440377694]
516,[1.014819964616019, 0.49715792311965723, 0.5015751550818063]
517,[0.9964883524365392, 0.5035137502220551, 0.49504235093030796]
518,[0.9979973466920504, 0.500764088978, 0.500226242694519]
519,[0.9980913717247886, 0.4961289704437772, 0.5013968123440854]
520,[1.009084463583216, 0.4936039443475931, 0.5098265612857856]
521,[0.9920813220239388, 0.5055375185766009, 0.4966172836242419]
522,[0.9990401808423633, 0.4946835365830148, 0.5076848036984982]
523,[0.9988583811695785, 0.500900477732759, 0.4993590794595513]
524,[0.9982250839187418, 0.49608880358609586, 0.5044850914508248]
525,[0.9941278489796598, 0.4952233429623276, 0.5126291928093322]
526,[1.0001382514538177, 0.4947100635409819, 0.5115246299846984]
527,[1.0045321873977402, 0.48926506478821474, 0.5147742122369068]
528,[1.0065437746115093, 0.49373302329633495, 0.5070596565283263]
529,[1.0079264059366937, 0.4983243699423658, 0.4969811066165781]
530,[1.0039719403238088, 0.497008652537811, 0.5004112347537862]
531,[1.0006402599822932, 0.5071490772963051, 0.48502012613466217]
532,[1.0037268204764873, 0.4886709831691324, 0.5167234492799344]
533,[1.0005112131920169, 0.49956391808864, 0.502009091030694]
534,[1.0066214265685869, 0.49413302356396505, 0.5064883299141331]
535,[0.9975627680973056, 0.502393947095043, 0.49883370071354416]
536,[1.0039104858104075, 0.5001297073804056, 0.4975724503836732]
537,[0.9962658464532951, 0.4911185501238322, 0.5165813401451055]
538,[0.9892491336332465, 0.5127878035898662, 0.48210226085984165]
539,[0.9871356500946277, 0.5152537704373042, 0.48068101905441885]
540,[0.9997295079941437, 0.5039755432677775, 0.49242320009989565]
541,[0.9944374494574154, 0.5116981500465545, 0.48544290380535454]
542,[1.0115092097770926, 0.4899047389355333, 0.5122623980992376]
543,[1.0094959513294628, 0.4924716071846375, 0.5079771244546866]
544,[1.0081373385756316, 0.49148347504990875, 0.5129734209520602]
545,[1.0093999983640916, 0.49687204258209494, 0.5064586889127604]
546,[0.9986396402246068, 0.5037390777280569, 0.4947654974169604]
547,[0.9982872805640742, 0.4958813147753458, 0.5074649452712927]
548,[1.0110991424161746, 0.49319768440233175, 0.5046338849153998]
549,[0.9919568712951068, 0.5078516429367989, 0.49261674629275365]
550,[1.0042229603535375, 0.5008354128193766, 0.49883570117315346]
551,[1.0125986284293553, 0.4894025980231506, 0.5135649940452249]
552,[1.0001907377974364, 0.5015335953181855, 0.49754537344810745]
553,[1.0058403211468214, 0.4990982114427358, 0.499649076220901]
554,[0.9923935788514073, 0.5033061216227569, 0.4975161464231728]
555,[1.0156982057158639, 0.48765265223255233, 0.5192181793717954]
556,[0.9930023192844377, 0.49431626461738376, 0.5120747579907335]
557,[1.0138295135350066, 0.4932582106794602, 0.5047059428573316]
558,[1.0001227226697178, 0.5047146703576022, 0.4956306464875169]
559,[0.99406162566568, 0.508365056937201, 0.49014499442151627]
560,[1.0088332038040817, 0.49710233866388637, 0.5049984485695601]
561,[0.9992467541566418, 0.4975726899146045, 0.5056908008365512]
562,[1.0076352578426326, 0.4890457044538783, 0.5116719096019734]
563,[1.0016601478238982, 0.4949597820090498, 0.5062097459814722]
564,[1.0069850189441394, 0.49077365802812867, 0.5106440070415892]
565,[0.9983812423774152, 0.49044018667240374, 0.5142601284702407]
566,[1.0037663403174177, 0.4904134346477269, 0.5142493866160374]
567,[1.0087321403061114, 0.49007022102625974, 0.5088714973460612]
568,[1.0036155567231453, 0.4883388536076521, 0.5169080458246691]
569,[1.0145154362086175, 0.49503715845416835, 0.497491564067232]
570,[0.992616759447549, 0.5063410733955613, 0.49569606078863726]
571,[1.001047847727644, 0.5025599767133162, 0.49653330693208125]
572,[0.9978669828703939, 0.4963200811016886, 0.5023160384866369]
573,[1.0156470070768784, 0.48782973976239125, 0.5131254357710751]
574,[1.0162618876948957, 0.4849978125193223, 0.5200967054891755]
575,[1.0057188456842803, 0.4918401360495163, 0.5094216172773159]
576,[1.0059984231390353, 0.49971463417750167, 0.4979264806108294]
577,[1.0111277693965868, 0.49233137925068515, 0.5092705050865268]
578,[1.0097299348954225, 0.4854982917853301, 0.5153764545208556]
579,[0.9994960033593785, 0.499406163797008, 0.4996092268078186]
580,[1.0055128796536383, 0.49511019350263014, 0.504230885757458]
581,[0.9949919421997658, 0.5041488495825936, 0.49745284472514156]
582,[1.0079554716483778, 0.4918844294368395, 0.5097141738980268]
583,[0.9992022451588227, 0.4965991465217486, 0.5049980490275854]
584,[1.0002589871028298, 0.49867861086391874, 0.5067602968097917]
585,[0.9961235885758669, 0.5012286988958903, 0.49607863458978363]
586,[1.0049187359226375, 0.4990595864962252, 0.5005767970860759]
587,[1.006386222030088, 0.49185557404576186, 0.5079091225805246]
588,[0.9947700898357783, 0.5054859540895998, 0.49063896942014923]
589,[1.005188517370242, 0.4923586703558596, 0.5097904045724975]
590,[1.0020768563313596, 0.4977226384706045, 0.5031553787951797]
591,[0.9940522667181894, 0.4995108721867325, 0.5026527352077019]
592,[1.0002480284887405, 0.4907116967016756, 0.5112953251581697]
593,[1.0030919527281463, 0.49971481390243344, 0.4977651652196532]
594,[1.0066394094008633, 0.4938802072889272, 0.5087813807233736]
595,[1.0110085373857884, 0.49366570444274693, 0.5033043542803629]
596,[1.0090606459923188, 0.49343129552065557, 0.5049850048938829]
597,[0.9981691925913574, 0.4938032246378627, 0.5073915173268231]
598,[1.0032765452292849, 0.4927175229928804, 0.5125111319679808]
599,[1.0027569283983035, 0.5054624582851469, 0.48617651421285746]
600,[0.9954631080813645, 0.5060826840534353, 0.4924125968310126]
601,[1.0037728785039082, 0.5107666083713872, 0.48094205059183626]
602,[0.9971216205138328, 0.5036985262312362, 0.4922968950730876]
603,[1.0055494368076887, 0.49299998287288754, 0.5062171766444343]
604,[1.004570509467095, 0.49753463528195896, 0.497634106781855]
605,[1.003715466997957, 0.49645929833909835, 0.5057216806711984]
606,[1.0142964899206093, 0.4879989716702713, 0.511375289262397]
607,[1.0013021632673986, 0.5058525463013377, 0.4895884804612577]
608,[1.0102873822190108, 0.48698370820224357, 0.5149857753865618]
609,[0.9887291435334716, 0.5030433308757709, 0.49887660673529266]
610,[0.9984344174789627, 0.49937215652033884, 0.5023337154923679]
611,[1.0033481783909215, 0.498127182331127, 0.5039533066700106]
612,[1.001484984013945, 0.49141068856615766, 0.5140263240486684]
613,[0.9913756435107961, 0.49816407538610163, 0.5069921912758779]
614,[1.0031730017001783, 0.4954438415473093, 0.5046573885374749]
615,[0.995279857541924, 0.49514041631666716, 0.5109913854388288]
616,[1.0002041186998665, 0.4963487901575333, 0.5048917520561634]
617,[0.9891234856795461, 0.5022599116517549, 0.4975660535228186]
618,[1.0116457641362344, 0.4904812746956565, 0.5114191318736578]
619,[0.9990844464978905, 0.5109311586433588, 0.4838782375718983]
620,[1.0124174484289852, 0.4825015824189989, 0.5211175444984917]
621,[1.0027840359931743, 0.4972707252424379, 0.5008208175038682]
622,[1.0008522117340914, 0.49766305192892946, 0.5042014055292229]
623,[1.0036006219225304, 0.49204015099060155, 0.5131141890894786]
624,[0.992298669492416, 0.5012563059420866, 0.5021500902801048]
625,[1.005482240959128, 0.4946413433906474, 0.5029530072570166]
626,[0.9985870956588838, 0.502187849485304, 0.49650223993227194]
627,[1.0084343052407125, 0.4947757143509438, 0.5053392626343128]
628,[1.01265695010732, 0.49021040922385767, 0.5133396401497448]
629,[1.0015213392515103, 0.500126870803098, 0.49644000650725073]
630,[1.005043541734718, 0.4865347271012731, 0.5139214595557744]
631,[1.0066334552021197, 0.4942899938883572, 0.5053501744914376]
632,[0.9893837596758207, 0.5074819154968861, 0.4905430573401916]
633,[0.986905084067338, 0.4999995471318326, 0.5016754670225111]
634,[1.005565727880365, 0.5033653911712831, 0.49095482850646543]
635,[1.0010470090968338, 0.5018173990033031, 0.4973390648076998]
636,[1.0057903716878762, 0.49509779679609683, 0.5038508711810485]
637,[1.0001834951775446, 0.5061631555402936, 0.48859993019077114]
638,[1.007992526284757, 0.49685022146582564, 0.5048068773150461]
639,[1.0029731596492921, 0.49057276531284005, 0.5142944837318384]
640,[1.0027850622101293, 0.4989270955247014, 0.5019647685759565]
641,[1.0036719675957226, 0.5011498709664152, 0.4970678455657857]
642,[1.0018401821805192, 0.5106689982211184, 0.4852823109119671]
643,[1.0033909260328215, 0.5037140259243347, 0.4923736365832618]
644,[0.9982224775617993, 0.4994611447584033, 0.4990657637659327]
645,[1.0071098581004327, 0.4930835461710056, 0.5082284931440639]
646,[1.0026316011264513, 0.49888074746479316, 0.4978894814728304]
647,[0.9930097328783991, 0.5105647714735329, 0.485215824427134]
648,[1.0109614990983506, 0.48510059640801184, 0.518075467807886]
649,[0.9918472225301086, 0.5085691329522206, 0.49125665859987533]
650,[1.0046322502910912, 0.48496274790482974, 0.5201126945592656]
651,[0.9960143426341149, 0.4935900075114305, 0.5130894753365514]
652,[0.9931401059009697, 0.5103782500135475, 0.48319257096354873]
653,[0.9999317160573019, 0.5002908624009227, 0.49878382037260305]
654,[1.0022449221999106, 0.5003656553412688, 0.4935838349306713]
655,[1.0030184544910803, 0.49354624883543846, 0.5103787762635269]
656,[0.9959501387594212, 0.5026902666317663, 0.49749687444250756]
657,[1.0017753154801474, 0.4955351988459363, 0.505320783344913]
658,[1.0052598328255244, 0.5022971541043074, 0.49217612689331053]
659,[1.0060873402141008, 0.4908953428959503, 0.5122667075747233]
660,[0.9988764480735539, 0.4985392833035765, 0.5058435749900932]
661,[1.0134096355348956, 0.49059413674332014, 0.5081167469111292]
662,[1.0166008356736005, 0.4917363917886826, 0.5014714861600602]
663,[1.007583298023057, 0.49066901271458374, 0.5116292356557356]
664,[1.0078353458300966, 0.48634890173576334, 0.5141695722886649]
665,[1.004207420612775, 0.5014075518689193, 0.4946925117497898]
666,[1.0029825570933875, 0.504395698792975, 0.49458530518711263]
667,[1.001200878694829, 0.4983092480069702, 0.49749634652380237]
668,[1.0014379345571431, 0.5038042923195113, 0.49062680869429837]
669,[0.9966808777007232, 0.5016952449019317, 0.49489740578332625]
670,[0.9927259339008008, 0.5076695365552968, 0.4912949986178884]
671,[1.005865567443921, 0.5072756786218268, 0.48510191693009813]
672,[1.000252202091426, 0.49330843332262236, 0.5117447229300575]
673,[0.9988707425507007, 0.5047427096243777, 0.4928477493563926]
674,[1.0047603885170837, 0.4928393730181907, 0.5097121305914072]
675,[1.0004716797232176, 0.49839968850868066, 0.5028238583274117]
676,[1.005220563305853, 0.4906609365900952, 0.5109708884807381]
677,[0.9982943248446363, 0.5008348814056685, 0.4994908596152145]
678,[1.0002750645720113, 0.5039809532089689, 0.49207022041707377]
679,[1.001286808207523, 0.5021781007159352, 0.4938785323544273]
680,[0.993928482036722, 0.49441810922389634, 0.5076067824859146]
681,[1.0098289651912171, 0.4894741110635434, 0.5122257069091593]
682,[1.0101612527096513, 0.4918912064777921, 0.5105810213922883]
683,[0.9973088842461066, 0.4968329035595792, 0.5014986651804163]
684,[1.0003013283885436, 0.4914273137792535, 0.5130026131208879]
685,[1.0060667066975288, 0.4960792215512451, 0.5065376212300607]
686,[1.0055325974069567, 0.48717604979087215, 0.5186346231461596]
687,[1.0059722539415294, 0.4959453486465207, 0.5029345308115519]
688,[0.9955699184614463, 0.5040909358574825, 0.49212689115158026]
689,[0.9952930894851836, 0.5059841823245845, 0.4946441907107928]
690,[0.9995731205081697, 0.4982795205248258, 0.5045410774081169]
691,[0.9981897093913087, 0.49756846111233877, 0.5033400925137685]
692,[1.0150683113013375, 0.486235864169742, 0.5112476460542011]
693,[0.9942847661068627, 0.5052161573963322, 0.4909114964138227]
694,[1.0040367623514275, 0.49651403435559127, 0.5048470672857904]
695,[0.9977355760466274, 0.5087448416408362, 0.48529463462394834]
696,[1.0020739136744388, 0.49026449489239227, 0.5168625809194465]
697,[1.0020588950320537, 0.4966605812881097, 0.501596613301317]
698,[0.998584151852467, 0.49231269926529164, 0.5140302775560922]
699,[1.0037772908885734, 0.49205480480361, 0.5116225687491319]
700,[0.9943678445726589, 0.49471063372080376, 0.5078664894620009]
701,[0.9961455149843976, 0.5092771134977443, 0.4849581999926906]
702,[1.0000068076245328, 0.4969332227995631, 0.5044782737175421]
703,[1.0050350487367372, 0.4942328465826506, 0.5066256389112538]
704,[1.0053626509408686, 0.49159613578009115, 0.5126009986247467]
705,[1.0080202202802577, 0.504326259806344, 0.4896654286420437]
706,[1.013311701159358, 0.4922846816800705, 0.5087317857393433]
707,[1.0101126276114027, 0.4910959894081553, 0.5112581750083955]
708,[0.9981836286538721, 0.5005932305544974, 0.5020829997698419]
709,[1.0037945184751922, 0.49183831067840744, 0.5099833267128107]
710,[0.9973769245807667, 0.4957595501589409, 0.5034939750858715]
711,[1.0093628204177236, 0.49161950171401264, 0.5111346293904167]
712,[0.9969248251912648, 0.5050412321462936, 0.49383710164668787]
713,[1.0008528247629949, 0.4992745083295495, 0.5002550189206205]
714,[1.0036804194894633, 0.49446588534514857, 0.5044008605879817]
715,[1.0013114820299456, 0.4986546553761693, 0.501845756872291]
716,[1.0058156334048705, 0.49790719686307705, 0.5013286899066228]
717,[0.9967259455211342, 0.5084496144348654, 0.4887883505544378]
718,[1.0175024084259892, 0.4851638519088266, 0.5181901927315093]
719,[1.004464031810981, 0.4940356266273772, 0.5065741397139112]
720,[0.9980971425169438, 0.5006425092717582, 0.49468518644508364]
721,[0.9987698563757462, 0.5085272712382813, 0.48392732226223395]
722,[0.9985950873864831, 0.49454055541781755, 0.507337485276219]
723,[1.0037635383705106, 0.4972476386647599, 0.5016632969781597]
724,[0.9937848827166317, 0.4988369762033248, 0.5081605258967707]
725,[1.0014130090825444, 0.5037484671126883, 0.49243680573383314]
726,[0.995328078074084, 0.49985534501400286, 0.500205882419343]
727,[0.9917316289118082, 0.5015474137914464, 0.502876900875956]
728,[1.0168116398795084, 0.48822530896901684, 0.5121561874487691]
729,[1.0005434887667009, 0.4944336785955382, 0.5076572815767926]
730,[1.001463325051948, 0.49880384316422155, 0.498349684034105]
731,[1.004198831908501, 0.49283190439716285, 0.5106386392080364]
732,[1.0011467623044052, 0.49246601989217814, 0.5075587373255838]
733,[1.0031453024216703, 0.5008216968296371, 0.49446854927055883]
734,[1.0072190735347426, 0.5009923201251569, 0.49540657840477625]
735,[1.0054098283917345, 0.4875645730060454, 0.5159574860611151]
736,[1.0076663243149, 0.4889889541897688, 0.5130115805370574]
737,[1.0010553408544094, 0.49583652755689106, 0.5073469457316025]
738,[1.0003273502049392, 0.4990202425680491, 0.5001230841932703]
739,[1.0108842541059684, 0.4944474313549723, 0.5022868642049334]
740,[1.0016989781728642, 0.4976980743990591, 0.5043245507123479]
741,[1.0017928256768598, 0.4832912726721765, 0.5209042078377557]
742,[0.9918908709328442, 0.5065053851960637, 0.48863206730420883]
743,[0.9971568973761374, 0.5102116211131297, 0.48800631034405495]
744,[1.0034554850219766, 0.4932905951984282, 0.5082597691534815]
745,[1.0008325886850005, 0.4947553874364652, 0.5110262439259321]
746,[0.9989726770119959, 0.49024053838208304, 0.5156759903859308]
747,[1.000437162736927, 0.5032099881068545, 0.4948309844452]
748,[1.0132629921577048, 0.47783349054010443, 0.5298344438242885]
749,[1.0040119681868922, 0.49552694711070755, 0.505933233366968]
750,[1.003096067130601, 0.496628434343336, 0.5010719379269416]
751,[0.9984812847866118, 0.4968721587693638, 0.5050734964024322]
752,[0.9934712309136157, 0.5140411124038672, 0.4787352814617269]
753,[1.005117184932452, 0.4930731799111459, 0.5086312566559131]
754,[1.0076206583119323, 0.49187120145554575, 0.5083937132612218]
755,[1.0085570430094852, 0.49704759416475586, 0.49987700992382816]
756,[1.0052920455436787, 0.49182568972297785, 0.5069836773380706]
757,[1.0083340396153906, 0.49543696074280436, 0.5071704256511704]
758,[1.009697386057563, 0.49167509030061657, 0.5113493170426788]
759,[1.0047031153820416, 0.494712478199893, 0.5075114282187062]
760,[1.0044313539784857, 0.4971530467189784, 0.5034415325327344]
761,[0.9923417576103586, 0.5047816274093159, 0.492580114006667]
762,[0.988323068324853, 0.5080210090318872, 0.49163596023403083]
763,[1.0133438197310638, 0.4949512672671192, 0.5006270251714926]
764,[1.0095902923974185, 0.490129390437763, 0.5111867537101529]
765,[1.0074824573510461, 0.48688280757324853, 0.51705650116807]
766,[1.0090488533254878, 0.4885377470181285, 0.5122918565708107]
767,[1.0036204956903076, 0.49232017039222886, 0.5141187788215712]
768,[1.01226215817542, 0.4886638634886509, 0.5162157863364216]
769,[0.9984917078529796, 0.49591519051475624, 0.507625385250532]
770,[1.0014433332688821, 0.49895827218741645, 0.5026470921098142]
771,[1.000014595809694, 0.4932335550170362, 0.5105573980797563]
772,[1.000539764567634, 0.5062847314638205, 0.4898030600620133]
773,[0.9978703497725465, 0.4974852857152955, 0.5052982576210017]
774,[1.007053973144463, 0.4886662370086263, 0.5139788512508006]
775,[1.0000508234285308, 0.49496557525077667, 0.5099339346550731]
776,[1.0065605615833668, 0.4866325951562496, 0.517540521838685]
777,[1.001915973552969, 0.5043452637064839, 0.49359723886619644]
778,[1.0116896883311808, 0.491587983441471, 0.5059857740507339]
779,[1.0151832477166507, 0.4940742970701444, 0.505124560532387]
780,[0.9937565311340532, 0.4983613080823635, 0.5076977562119767]
781,[0.9998131675194407, 0.4948298307382461, 0.5054558121963287]
782,[0.9949876155593879, 0.5081643485969095, 0.48962853064043854]
783,[1.0029177869058017, 0.4965957194785303, 0.5047275461510702]
784,[0.9996146463029428, 0.5001223277713133, 0.5012150367684434]
785,[0.9938257057512121, 0.5032269738014616, 0.49243545654852755]
786,[1.003405930890041, 0.5055025517541749, 0.4871685344086434]
787,[1.00549803807817, 0.5007327174359936, 0.495131019922994]
788,[1.001090752254725, 0.5088881510793454, 0.4845290022963523]
789,[1.0061601159944393, 0.4950992127926372, 0.5059926310172514]
790,[0.9903262271559783, 0.5068233596712607, 0.48836876145368957]
791,[1.0027654001173614, 0.487862988807181, 0.515910883775695]
792,[1.0070830061718135, 0.49015414123619055, 0.5131766755112334]
793,[1.0097453991304284, 0.4957918793961023, 0.5022561460875136]
794,[0.990399606169712, 0.5052053213978231, 0.49644512863425155]
795,[1.009485645698144, 0.4912139810526766, 0.5117046972092284]
796,[1.0014737774622275, 0.4968144470304598, 0.5014419588022214]
797,[1.0044175488651028, 0.5021101098139978, 0.4967310339337214]
798,[1.0047261144182942, 0.49622228402584323, 0.49889826913500235]
799,[1.0004763805491574, 0.4982904727838394, 0.4980387058988649]
800,[0.9995937861003809, 0.5079291741318644, 0.486359715019222]
801,[1.0057577977173362, 0.49580349923173994, 0.5043379655346297]
802,[0.9993858234731074, 0.5038659856674608, 0.49461992898562923]
803,[0.9990288398815509, 0.5009616371398643, 0.4962605592507743]
804,[1.0037784218066566, 0.49404938721700836, 0.5076923144585939]
805,[1.003687026155989, 0.4976092475735911, 0.506027457496492]
806,[1.0088810601467182, 0.49859761420623583, 0.49633183260032]
807,[1.00141341110472, 0.5001062549694442, 0.4980946592067625]
808,[1.005134729453852, 0.4973289772375096, 0.5022862496428342]
809,[1.0220081421242393, 0.48591495650278493, 0.5142629737367582]
810,[1.0130013370784388, 0.48826537212783155, 0.5172447585883065]
811,[1.0147895507022053, 0.4913098193647681, 0.504652575028943]
812,[0.9987565159265501, 0.49210095478814064, 0.5078268917557666]
813,[1.0096012931001022, 0.4950079561080938, 0.5017617460485722]
814,[1.0045916566955657, 0.49603450851285563, 0.5017425906864377]
815,[1.0049742538163167, 0.49449625311990564, 0.5100079523055248]
816,[1.007966339108333, 0.4895667830251557, 0.514225385563177]
817,[1.0038812727529771, 0.4952559463743861, 0.5090677663688478]
818,[0.996420252714805, 0.5056862252335671, 0.49421855202262177]
819,[1.0103124985165732, 0.49325763234140857, 0.5056463438689477]
820,[1.0017779578381045, 0.49482592677848364, 0.5071824206111156]
821,[1.0047932513139373, 0.49978310621911576, 0.49926481224806296]
822,[1.008792605607898, 0.49647252132009967, 0.5048413445030356]
823,[1.0019229482428413, 0.5006708292785284, 0.494749684529015]
824,[1.000354377053291, 0.5005592423126435, 0.49722842612192664]
825,[1.007669556914172, 0.49550496577593284, 0.5059568981813831]
826,[1.0085428835091796, 0.5027404242696387, 0.49521981847464014]
827,[1.0044196843266575, 0.500204129383391, 0.5001956340568235]
828,[1.0047154144293502, 0.4967999576070203, 0.5062242056850261]
829,[1.010111897432027, 0.5001599356792374, 0.492740618235854]
830,[0.995324371060963, 0.49345336762202524, 0.5118369708498984]
831,[0.9997839021393234, 0.4969031424596177, 0.5039452343981935]
832,[1.0047770028653047, 0.48824023152187057, 0.5136266268371451]
833,[0.9961035141040994, 0.5078890299412897, 0.48580267574763386]
834,[1.0014495456902983, 0.4985945151236952, 0.4954449544745229]
835,[0.9984783489589579, 0.5039690048930227, 0.495426749810279]
836,[0.9954542698770315, 0.49223580619863216, 0.5097470619202754]
837,[0.9998475603111759, 0.49498289119096023, 0.5082723283348635]
838,[0.9916228246741444, 0.5019958084234385, 0.49470160488666987]
839,[0.9957683193358602, 0.5003333830224224, 0.5014666885140417]
840,[0.9956864133251766, 0.5125753313223091, 0.48566538189630987]
841,[1.008363336760175, 0.4886632106792099, 0.5141751882843365]
842,[1.0046629793152424, 0.49979386120129987, 0.49690389414342745]
843,[1.0037659973210487, 0.5000556433107971, 0.49833567240635157]
844,[0.9996257712613678, 0.4942416371576254, 0.5076836388518394]
845,[0.9963122372676743, 0.5087147148474237, 0.48600687431363065]
846,[1.0003875806766145, 0.49985428914778646, 0.5006605072600397]
847,[1.0110167792376823, 0.49766207549001323, 0.4983307740717147]
848,[0.9930615932328266, 0.5091870139922556, 0.48710131410472346]
849,[1.0078983493772795, 0.48711611805134564, 0.5171004603248259]
850,[0.9984606005473754, 0.49310681008582646, 0.5108448194100276]
851,[1.0014689933547227, 0.4990766084641135, 0.4972223897997721]
852,[1.001649415684758, 0.49692211158982874, 0.5032447749204466]
853,[1.0031375467650243, 0.48356173966629656, 0.5250272222271402]
854,[0.9973237353827469, 0.5024989062161214, 0.49857204603807787]
855,[1.0091235293180314, 0.4933503426347956, 0.501041504751038]
856,[1.0089823319725877, 0.49316133033021137, 0.5060768639419143]
857,[0.9958719267390945, 0.5000298480352265, 0.5050758806564178]
858,[1.002156112699386, 0.4932675242464507, 0.5064519206791495]
859,[0.9839298769939643, 0.5064323965126942, 0.4927101541803265]
860,[0.9961558483385383, 0.500109617298564, 0.5003999952469351]
861,[0.9931950780666445, 0.5085850297509514, 0.4882774398729373]
862,[1.007599698995936, 0.49712236815910865, 0.4994962828772856]
863,[1.0015304384384192, 0.4963513562078627, 0.5005097458768087]
864,[1.0086833019058885, 0.49019916813157427, 0.5048781411431134]
865,[1.0016179792258106, 0.4999670054895113, 0.4962047098981212]
866,[0.9822646381350618, 0.5050241451421139, 0.5003553026085933]
867,[1.0016132312401045, 0.49160071177929016, 0.5119724197539339]
868,[1.0014466209336033, 0.5015038093474586, 0.4996887840651047]
869,[1.004369171760706, 0.49172732859218976, 0.5108836554521865]
870,[0.9951074376218292, 0.5110473795619885, 0.4862475184831732]
871,[1.0066780341038173, 0.4862075533528344, 0.5158673521990349]
872,[1.0010825703536677, 0.4904410180051915, 0.5133960211215223]
873,[0.9959923092422296, 0.5067267557450675, 0.49022140601460046]
874,[0.997242550758437, 0.5009051383356955, 0.5011872309507094]
875,[0.98888233833217, 0.5121137906998646, 0.48318466938464116]
876,[0.9988557271068521, 0.5093387367764289, 0.4836363540380636]
877,[1.0115700512388492, 0.48678505562307256, 0.5155131679021995]
878,[1.0063098780728819, 0.4986463245276097, 0.5034301841004354]
879,[0.997633784446766, 0.5030680645796232, 0.4973519728535995]
880,[1.008793971971539, 0.4900796264343498, 0.5140864722150117]
881,[0.9931395334566455, 0.5004697296484095, 0.504656955211469]
882,[0.997460572921506, 0.4946148099524413, 0.5090649132588896]
883,[1.0019843929741388, 0.49176542796494627, 0.5116288445227902]
884,[1.0061253080577288, 0.48756456170734475, 0.5147256287716934]
885,[1.0001324749483314, 0.5069138751750767, 0.48707185252059987]
886,[0.9998181638532332, 0.5086631534085193, 0.487376966600156]
887,[0.9987161622832986, 0.5007711161260934, 0.4985916267297424]
888,[1.0029900238439429, 0.49142615845119014, 0.5083221723879099]
889,[0.9968303994803345, 0.5075482733758324, 0.4874778752676023]
890,[0.9971235738040855, 0.5065833535649007, 0.4943062578539926]
891,[1.0088524103820247, 0.4931090643117738, 0.5036111330176148]
892,[1.0057509890718173, 0.4877364060367316, 0.515858970591258]
893,[1.004556013104691, 0.4962812279254097, 0.5048853453656664]
894,[0.9988825729755095, 0.49534936931150003, 0.5060177686395269]
895,[1.0058534852738985, 0.5003481174094475, 0.5006657344512395]
896,[1.0004524175781124, 0.4900988858476113, 0.5122774056271343]
897,[1.0090009271671985, 0.4954450445813775, 0.5020269266392743]
898,[1.0126559217906235, 0.4839148706570492, 0.5182616161254772]
899,[1.0119069209900682, 0.4953887279960701, 0.5003473100478664]
900,[0.989180291278167, 0.5118125968911806, 0.4857760635417592]
901,[1.0030396455222235, 0.4922835576903231, 0.5121240841187967]
902,[1.0040611858252917, 0.501564131917735, 0.49690617592655284]
903,[1.007338094113162, 0.5032677839116886, 0.4931074420517371]
904,[1.0003698314739995, 0.4984839657421054, 0.5004943603282473]
905,[0.9910403355158867, 0.5136078806656597, 0.48058359310532345]
906,[1.0029216147585018, 0.5017080631139489, 0.4977896834016741]
907,[1.0015133532297384, 0.49694133781861555, 0.5001794190124993]
908,[1.0019694659792362, 0.49994970978372955, 0.5017051557281031]
909,[0.9937255367038076, 0.5075893244627684, 0.4920574916861679]
910,[1.0097951443490063, 0.4908469730215428, 0.5078844690283579]
911,[1.0045192462049768, 0.5005724405298464, 0.498236082158969]
912,[1.0117186382193304, 0.4921327325823007, 0.5100006006681187]
913,[0.993758544634075, 0.5058657424143108, 0.48957562270631205]
914,[1.0005849474188033, 0.4925281353852796, 0.5122688786324605]
915,[1.0039138219248436, 0.4949406981160387, 0.5089192964444986]
916,[1.0019537448050615, 0.5059532967117326, 0.4895940924271642]
917,[1.0009984913996899, 0.4943652720554706, 0.5078855139594708]
918,[1.0000528145771235, 0.5069728340518924, 0.4870436427769928]
919,[1.0045468071348571, 0.494859199602131, 0.5041716297642814]
920,[0.9966424789766585, 0.5072623747921419, 0.49233215042812156]
921,[1.0011659126569485, 0.5022343175367151, 0.4927587318052648]
922,[0.9899897785209342, 0.5074695341311651, 0.4947608862470898]
923,[0.9992138402040289, 0.5018181963493576, 0.497475414697701]
924,[1.0038223566361795, 0.4975985501509786, 0.5054140598053375]
925,[1.0003831656389894, 0.4928990476994815, 0.5102153713688484]
926,[0.9988588734870574, 0.5013683133807694, 0.495114788809275]
927,[1.009026423819043, 0.4977602893028143, 0.4941073328360597]
928,[1.0042719567298768, 0.505297190479429, 0.49331973060088474]
929,[1.006686459678382, 0.4936745268858435, 0.5051004759782652]
930,[1.002355328290672, 0.4921783591356935, 0.5113978717917759]
931,[1.0033163987289984, 0.4955147226973475, 0.5077867411090258]
932,[0.9966429014724377, 0.5045686035455238, 0.4949624769634017]
933,[1.0014469697135242, 0.5011399623394638, 0.4965675578378376]
934,[1.0064664441406483, 0.4946837949756401, 0.5093311352178078]
935,[0.9992523725240634, 0.5008889364531169, 0.4975214449670279]
936,[1.0094263647423878, 0.49213622029147897, 0.5087383838756531]
937,[1.001579272507709, 0.48541185452582847, 0.5180625931246147]
938,[0.9936206619796184, 0.4995173117012762, 0.5044223171896582]
939,[0.993873890612444, 0.5027575232006024, 0.5008175088138885]
940,[0.9914856192196645, 0.5153909715538089, 0.48004765081914175]
941,[1.000997009535676, 0.5052121348238252, 0.49254320402049767]
942,[1.0123909155568231, 0.4996191693982809, 0.4962712005642438]
943,[1.0024265126959988, 0.49033357673967515, 0.5133701097256869]
944,[0.997121265289198, 0.49619499746130563, 0.50443780221733]
945,[0.9979126743157357, 0.4997205682759456, 0.5043677049118446]
946,[0.9945697132293567, 0.5003015159725033, 0.5003822412283292]
947,[1.0059481930406515, 0.48443921245861443, 0.5209306069157263]
948,[1.007730604004923, 0.4930250042991308, 0.5091066533797508]
949,[0.9896809847543082, 0.5064901118235152, 0.4958955161683988]
950,[1.0043084434315723, 0.4930080743698397, 0.5071118951499923]
951,[1.0107936857755897, 0.4955247511967539, 0.5036504840164322]
952,[1.004298092092777, 0.48799742762629683, 0.5166259950296861]
953,[1.0067291071505824, 0.49523485362934416, 0.5050804764796358]
954,[1.0156141484178396, 0.48184042002448935, 0.5209931975894734]
955,[1.004211864072551, 0.4969530365103808, 0.5015159119554543]
956,[1.002147043890456, 0.4939567817834449, 0.505715231511771]
957,[0.9979278184303614, 0.4979782731701675, 0.5065995584414589]
958,[0.9955642559278264, 0.5022617784822384, 0.49695252083144204]
959,[1.003158627362636, 0.4922911645189491, 0.5088369567271297]
960,[1.012036975541602, 0.48474168135022827, 0.5177715896282609]
961,[0.9970777869725077, 0.5023643039817483, 0.49415382842725164]
962,[0.9940248805714624, 0.5013362767830143, 0.5026875540940157]
963,[0.9990750910361533, 0.49987103921553944, 0.49981850021568747]
964,[1.006551115657133, 0.4928676332111728, 0.5057052101628868]
965,[1.000927103737695, 0.5083765098273688, 0.48407213209028027]
966,[1.0028018584988534, 0.5019154253232109, 0.4979617916362831]
967,[0.9894488958258996, 0.5040576336838127, 0.49622209628556324]
968,[1.010631152137537, 0.4906008150901719, 0.5100382966218285]
969,[1.000944419024741, 0.49889292384603384, 0.5013163532466471]
970,[1.00154728394673, 0.49109874696389344, 0.5139380018481464]
971,[0.9934153297342506, 0.5020061837026389, 0.496431316831585]
972,[0.995250170682217, 0.5012451320051897, 0.5004969289167225]
973,[1.0011237120241774, 0.4989266922699067, 0.502096128540031]
974,[1.0016338361875516, 0.49360172475807473, 0.5077525877854977]
975,[1.0056546578158463, 0.49274983151474766, 0.5073761490229615]
976,[1.0040541119144126, 0.4937187660657532, 0.505644779013477]
977,[0.9889076187663317, 0.5108379599707171, 0.48986764621863904]
978,[0.9954495510722177, 0.5043116129694365, 0.4943761691097309]
979,[1.0135214267287382, 0.48996613241769454, 0.5109581154604542]
980,[0.9992769309724168, 0.49481531179754473, 0.5089644204333015]
981,[1.0000236900737647, 0.49277901100718496, 0.5127544050957661]
982,[1.0162834106584884, 0.4858472013468352, 0.517165224384487]
983,[0.9933753551499582, 0.5034113772157863, 0.4983896241877076]
984,[1.000206526832906, 0.49501807657619484, 0.5060955114506017]
985,[0.9989007111072141, 0.5020188493966928, 0.4991625692323069]
986,[1.0111351292502577, 0.49008532291625617, 0.5125041342699478]
987,[0.9950249765318058, 0.504186557703207, 0.4946624952024136]
988,[1.0110664285080069, 0.4963577595460977, 0.5082807911598713]
989,[1.00636671909018, 0.4819637402829039, 0.5238813712489411]
990,[1.005648706163402, 0.49435818634102285, 0.5074453171233321]
991,[1.0027710731166732, 0.49585486894096753, 0.5068812223130601]
992,[1.0003841298018648, 0.4915773766372528, 0.5105633780260529]
993,[1.0093092530993126, 0.49468790358373693, 0.5087498664851533]
994,[1.0034791846348223, 0.49756146122369405, 0.5041615100541395]
995,[1.00608826369721, 0.4937027873063856, 0.5067502671082575]
996,[0.9938968750797186, 0.5066792697692456, 0.4895061395959479]
997,[0.987742478315765, 0.4964925334255154, 0.5100387663016765]
998,[0.9998016662088911, 0.5068826221797033, 0.49029077286054734]
999,[0.9901740238788491, 0.5007607692966829, 0.5008764751097413]